/paula/2019/aves/data/scoring/acc_maf_ingroup/25/chr15/chr15_25_acc_6480547_6480572.maf	[0.95454545 0.95454545 0.95454545 0.95454545 0.95454545 0.95454545	 0.95454545 0.95454545 0.95454545 0.95454545 0.95454545 0.95454545	 0.95454545 0.95454545 0.95454545 0.95454545 0.95454545 1.79807692	 0.95454545 0.95454545 0.95454545 0.95454545 0.95454545 0.95454545	 0.95454545]	0.9882867132867134	25	0.0	1.0	0.0	0.04	0.028284271099323854	0.0	0.04	0.028284271099323854
/paula/2019/aves/data/scoring/acc_maf_ingroup/25/chr15/chr15_25_acc_2108572_2108597.maf	[0.95454545 0.95454545 0.95454545 0.95454545 0.95454545 0.95454545	 0.95454545 0.95454545 0.95454545 0.95454545 0.95454545 0.95454545	 0.95454545 0.95454545 0.95454545 0.95238095 0.95454545 0.95454545	 0.95454545 0.95454545 0.95454545 0.95454545 0.95454545 0.95454545	 0.95454545 0.95454545 0.95454545]	0.954465287798621	27	2.0	1.0	0.037037037037037035	0.07407407407407407	0.026189140687278557	0.037037037037037035	0.07407407407407407	0.026189140687278557
/paula/2019/aves/data/scoring/acc_maf_ingroup/25/chr15/chr15_25_acc_2078020_2078045.maf	[0.95454545 0.95454545 0.95454545 0.95454545 0.95454545 0.95454545	 0.95454545 0.95454545 0.95454545 0.95454545 0.95454545 0.95454545	 0.95454545 0.95454545 0.95454545 0.95454545 0.95454545 0.95454545	 0.95454545 0.95454545 0.95454545 0.95454545 0.95454545 0.95454545	 1.76666667 0.95454545 0.95454545 0.95454545]	0.9835497835497834	28	3.0	0.0	0.0	0.0	0.0	0.0	0.0	0.0
/paula/2019/aves/data/scoring/acc_maf_ingroup/25/chr15/chr15_25_acc_2482745_2482770.maf	[1.44736842 0.95454545 0.95454545 0.95454545 0.95454545 0.95454545	 0.95454545 0.95454545 0.95454545 0.95454545 0.95454545 0.95454545	 0.95454545 0.95454545 0.95454545 0.95454545 0.95454545 0.95454545	 0.95454545 0.95454545 0.95454545 0.95454545 0.95454545 0.95454545	 0.95454545]	0.9742583732057416	25	0.0	0.0	0.0	0.0	0.0	0.0	0.0	0.0
/paula/2019/aves/data/scoring/acc_maf_ingroup/25/chr15/chr15_25_acc_9457382_9457407.maf	[0.95454545 0.95454545 0.95454545 0.95454545 0.95454545 0.95454545	 0.95454545 0.95454545 1.80909091 0.95454545 0.95454545 0.95454545	 0.95454545 0.95454545 0.95454545 0.95454545 0.95454545 0.95454545	 0.95454545 0.95454545 0.95454545 0.95454545 0.95454545 0.95454545	 0.95454545]	0.9887272727272728	25	0.0	0.0	0.0	0.04	0.028284271099323854	0.0	0.04	0.028284271099323854
/paula/2019/aves/data/scoring/acc_maf_ingroup/25/chr15/chr15_25_acc_850716_850741.maf	[0.95454545 0.95454545 0.95454545 0.95454545 0.95454545 0.95454545	 0.95454545 0.95454545 0.95454545 0.95       0.95454545 0.95454545	 0.95454545 0.95454545 0.95454545 0.95454545 0.95454545 0.95454545	 0.95454545 0.95454545 0.95454545 0.95454545 0.95454545 0.95454545	 0.95454545 0.95454545 0.95454545 0.95454545]	0.9543831168831167	28	3.0	0.0	0.0	0.0	0.0	0.0	0.0	0.0
/paula/2019/aves/data/scoring/acc_maf_ingroup/25/chr15/chr15_25_acc_2497173_2497198.maf	[0.95454545 0.95454545 0.95454545 0.95454545 0.95454545 0.95454545	 0.95454545 0.95454545 0.95454545 0.95454545 0.95454545 0.95454545	 0.95454545 1.79807692 0.95454545 0.95454545 0.95454545 0.95454545	 0.95454545 0.95454545 0.95454545 0.95454545 0.95454545 0.95454545	 0.95454545]	0.9882867132867134	25	0.0	0.0	0.0	0.0	0.0	0.0	0.0	0.0
/paula/2019/aves/data/scoring/acc_maf_ingroup/25/chr15/chr15_25_acc_6118221_6118246.maf	[1.78571429 1.78571429 0.95454545 0.95454545 0.95454545 0.95454545	 0.95454545 0.95454545 0.95454545 0.95454545 0.95454545 0.95454545	 0.95454545 0.95454545 0.95454545 0.95       0.95454545 0.95454545	 0.95454545 0.95454545 0.95454545 0.95454545 0.95454545 0.95454545	 0.95454545 0.95454545]	1.018306693306693	26	1.0	0.0	0.0	0.0	0.0	0.0	0.0	0.0
/paula/2019/aves/data/scoring/acc_maf_ingroup/25/chr15/chr15_25_acc_9012776_9012801.maf	[0.95454545 0.95454545 0.95454545 0.95454545 0.94736842 0.95454545	 0.95454545 0.95454545 0.95454545 0.95454545 0.95454545 0.95454545	 0.95454545 0.95454545 0.95454545 0.95454545 0.95454545 0.95454545	 0.95454545 0.95454545 0.95454545 0.95454545 0.95454545 0.95454545	 0.95454545]	0.9542583732057416	25	0.0	0.0	0.04	0.0	-0.028284271099323854	0.04	0.0	-0.028284271099323854
/paula/2019/aves/data/scoring/acc_maf_ingroup/25/chr15/chr15_25_acc_12386417_12386442.maf	[0.95454545 0.95454545 0.95454545 0.95454545 0.95454545 0.95454545	 0.95454545 0.95454545 0.95454545 0.95454545 0.95454545 0.95454545	 0.95454545 0.95454545 0.95454545 0.95454545 0.95454545 0.95454545	 0.95454545 0.95454545 0.95454545 1.73333333 0.95454545 0.95454545	 0.95454545 0.95454545 0.95454545]	0.9833894500561166	27	2.0	2.0	0.0	0.14814814814814814	0.10475656274911423	0.0	0.14814814814814814	0.10475656274911423
/paula/2019/aves/data/scoring/acc_maf_ingroup/25/chr15/chr15_25_acc_1758573_1758598.maf	[0.95454545 0.95454545 0.95454545 0.95454545 0.95454545 0.95454545	 0.95454545 0.95454545 0.95454545 0.95454545 0.95454545 0.95454545	 0.95454545 0.95454545 0.95454545 0.95454545 0.95454545 0.95454545	 0.95454545 0.95454545 1.80909091 0.95454545 0.95454545 0.95454545	 0.95454545]	0.9887272727272728	25	0.0	0.0	0.0	0.04	0.028284271099323854	0.0	0.04	0.028284271099323854
/paula/2019/aves/data/scoring/acc_maf_ingroup/25/chr15/chr15_25_acc_1909749_1909774.maf	[1.80555556 0.95454545 0.95454545 0.95454545 0.95454545 0.95454545	 0.95454545 0.95454545 0.95454545 0.95454545 0.95454545 0.95454545	 0.95454545 0.95454545 0.95454545 0.95454545 0.95454545 0.95454545	 0.95454545 0.95454545 0.95454545 0.95454545 0.95454545 0.95454545	 0.95454545]	0.9885858585858586	25	0.0	0.0	0.0	0.0	0.0	0.0	0.0	0.0
/paula/2019/aves/data/scoring/acc_maf_ingroup/25/chr15/chr15_25_acc_12827940_12827965.maf	[0.95454545 0.95454545 0.95454545 0.95454545 0.95454545 0.95454545	 0.95454545 0.95454545 0.95454545 0.95454545 0.95454545 0.95454545	 0.95454545 0.95454545 0.95454545 0.95454545 0.95454545 0.95454545	 0.95454545 0.95454545 0.95454545 1.79807692 0.95454545 0.95454545	 0.95454545]	0.9882867132867134	25	0.0	0.0	0.0	0.0	0.0	0.0	0.0	0.0
/paula/2019/aves/data/scoring/acc_maf_ingroup/25/chr15/chr15_25_acc_5328119_5328144.maf	[0.95454545 0.95454545 0.95454545 0.95454545 0.95454545 0.95454545	 0.95454545 0.95454545 0.95454545 0.95454545 0.95454545 0.95454545	 0.95454545 0.95454545 0.95454545 0.95454545 0.95454545 0.95454545	 0.95454545 0.95454545 0.95454545 0.95454545 0.95454545 0.95454545	 0.95454545 0.95454545 0.95454545 0.95454545 0.95454545 0.95454545	 1.44736842]	0.970442969594073	31	6.0	0.0	0.0	0.06451612903225806	0.045619791755789695	0.0	0.06451612903225806	0.045619791755789695
/paula/2019/aves/data/scoring/acc_maf_ingroup/25/chr15/chr15_25_acc_5639445_5639470.maf	[0.95454545 0.95454545 0.95454545 0.95454545 0.95454545 0.95454545	 0.95454545 0.95454545 0.95454545 0.95454545 0.95454545 0.95454545	 0.95454545 0.95454545 0.95454545 0.95454545 0.95454545 0.95454545	 0.95       0.95454545 0.95454545 0.95454545 0.95454545 0.95454545	 0.95454545]	0.9543636363636364	25	0.0	0.0	0.0	0.0	0.0	0.0	0.0	0.0
/paula/2019/aves/data/scoring/acc_maf_ingroup/25/chr15/chr15_25_acc_4627697_4627722.maf	[0.95454545 0.95454545 0.95454545 0.95454545 0.95454545 0.95454545	 0.95454545 0.95454545 0.95454545 0.95454545 0.95454545 0.95454545	 1.44736842 0.95454545 0.95454545 0.95454545 0.95454545 0.95454545	 0.95454545 0.95454545 0.95454545 0.95454545 0.95454545 0.95454545	 0.95454545]	0.9742583732057416	25	0.0	0.0	0.0	0.0	0.0	0.0	0.0	0.0
/paula/2019/aves/data/scoring/acc_maf_ingroup/25/chr15/chr15_25_acc_1924308_1924333.maf	[0.95454545 0.95454545 0.95454545 0.95454545 0.95454545 0.95238095	 0.95454545 0.95454545 0.95454545 0.95454545 0.95454545 0.95454545	 0.95454545 0.95454545 0.95454545 0.95454545 0.95454545 0.95454545	 0.95454545 0.95454545 0.95454545 0.95454545 0.95454545 0.95454545	 0.95454545]	0.9544588744588745	25	0.0	0.0	0.04	0.04	0.0	0.04	0.04	0.0
/paula/2019/aves/data/scoring/acc_maf_ingroup/25/chr15/chr15_25_acc_12725080_12725105.maf	[0.95238095 1.6875     0.95238095 0.95238095 0.95238095 0.95238095	 0.95238095 0.95238095 0.95238095 0.95238095 0.95238095 0.95238095	 0.95238095 0.95238095 0.95238095 0.95238095 0.95238095 0.95238095	 0.95238095 0.95238095 0.95238095 0.95238095 0.95238095 0.95238095	 0.95238095]	0.9817857142857142	25	0.0	0.0	0.0	0.0	0.0	0.0	0.0	0.0
/paula/2019/aves/data/scoring/acc_maf_ingroup/25/chr15/chr15_25_acc_6333169_6333194.maf	[0.95454545 0.95454545 0.95454545 0.95454545 0.95454545 0.95454545	 0.95454545 0.95454545 0.95454545 0.95454545 0.95454545 1.79807692	 0.95454545 0.95454545 0.95454545 0.95454545 0.95454545 0.95454545	 0.95454545 0.95454545 0.95454545 0.95454545 0.95454545 0.95454545	 0.95454545]	0.9882867132867134	25	0.0	1.0	0.0	0.04	0.028284271099323854	0.0	0.04	0.028284271099323854
/paula/2019/aves/data/scoring/acc_maf_ingroup/25/chr15/chr15_25_acc_4563714_4563739.maf	[0.95454545 0.95454545 0.95454545 0.95454545 0.95454545 0.95454545	 0.95454545 0.95454545 0.95454545 0.95238095 0.95454545 0.95454545	 0.95454545 0.95454545 0.95454545 0.95454545 0.95454545 0.95454545	 0.95454545 0.95454545 0.95454545 0.95454545 0.95454545 0.95454545	 0.95454545 0.95454545 0.95454545 0.95454545 0.95454545 0.95454545	 0.95454545 0.95454545 0.95454545 0.95454545 0.95454545 0.95454545	 0.95454545 0.95454545 0.95454545 0.95454545 0.95454545 0.95454545	 0.95454545 0.95454545 0.95454545 0.95454545 0.95454545 0.95454545	 0.95454545]	0.9545012810318934	49	24.0	1.0	0.02040816326530612	0.061224489795918366	0.02886150380969585	0.02040816326530612	0.061224489795918366	0.02886150380969585
/paula/2019/aves/data/scoring/acc_maf_ingroup/25/chr15/chr15_25_acc_2093553_2093578.maf	[0.95454545 0.95454545 0.95454545 0.95454545 0.95454545 0.95454545	 1.76666667 0.95454545 0.95454545 0.95454545 0.95454545 0.95454545	 0.95454545 0.95454545 0.95454545 0.95454545 0.95454545 0.95454545	 0.95454545 0.95454545 0.95454545 0.95454545 0.95454545 0.95454545	 0.95454545 0.95454545]	0.9857808857808856	26	1.0	0.0	0.0	0.0	0.0	0.0	0.0	0.0
/paula/2019/aves/data/scoring/acc_maf_ingroup/25/chr15/chr15_25_acc_6448428_6448453.maf	[0.95454545 0.95454545 0.95454545 0.95454545 0.95454545 0.95454545	 0.95454545 0.95454545 0.95454545 0.95454545 0.95454545 0.95454545	 0.95454545 0.95454545 0.95454545 0.95454545 0.95454545 0.95454545	 0.95454545 0.95454545 0.95454545 0.95454545 0.95454545 0.95238095	 0.95454545]	0.9544588744588745	25	0.0	1.0	0.04	0.12	0.05656854219864771	0.04	0.12	0.05656854219864771
/paula/2019/aves/data/scoring/acc_maf_ingroup/25/chr15/chr15_25_acc_12344508_12344533.maf	[0.95454545 0.95454545 0.95454545 0.95454545 0.95454545 0.95454545	 0.95454545 0.95454545 0.95454545 0.95454545 0.95454545 0.95454545	 0.95454545 0.95454545 0.95454545 0.95454545 0.95454545 0.95454545	 0.95454545 0.95454545 0.95454545 0.95454545 0.95454545 1.80555556	 2.3452381  0.95454545 0.95454545 0.95454545 0.95454545]	1.0318455490869283	29	4.0	2.0	0.034482758620689655	0.06896551724137931	0.024382992781171956	0.034482758620689655	0.06896551724137931	0.024382992781171956
/paula/2019/aves/data/scoring/acc_maf_ingroup/25/chr15/chr15_25_acc_12432961_12432986.maf	[0.95454545 0.95454545 1.80555556 0.95454545 0.95454545 0.95454545	 0.95454545 0.95454545 0.95454545 0.95454545 0.95454545 0.95454545	 0.95454545 0.95454545 0.95454545 0.95454545 0.95454545 0.95454545	 0.95454545 0.95454545 0.95454545 0.95454545 0.95454545 0.95454545	 0.95454545]	0.9885858585858586	25	0.0	0.0	0.0	0.08	0.05656854219864771	0.0	0.08	0.05656854219864771
/paula/2019/aves/data/scoring/acc_maf_ingroup/25/chr15/chr15_25_acc_2039643_2039668.maf	[0.95454545 0.95454545 0.95454545 0.95454545 0.95454545 0.95454545	 0.95454545 0.95454545 0.95454545 0.95454545 0.95454545 0.95454545	 0.95454545 0.95454545 0.95454545 0.95454545 0.95454545 1.80555556	 0.95454545 0.95454545 0.95454545 0.95454545 0.95454545 0.95454545	 0.95454545 0.95454545]	0.9872766122766122	26	1.0	0.0	0.0	0.0	0.0	0.0	0.0	0.0
/paula/2019/aves/data/scoring/acc_maf_ingroup/25/chr15/chr15_25_acc_6437131_6437156.maf	[0.95454545 0.95454545 0.95454545 0.95454545 0.95454545 0.95454545	 0.95454545 0.95454545 0.95454545 0.95454545 0.95454545 0.95454545	 0.95454545 0.95454545 0.95454545 0.95454545 0.95454545 0.95454545	 0.95454545 0.95454545 0.95454545 0.95454545 0.95454545 0.95454545	 0.95454545 0.95       0.95454545 0.95454545 0.95454545 0.95454545	 0.95454545 0.95454545 0.95454545 0.95454545 0.95454545 0.95454545	 0.95454545]	0.9544226044226044	37	12.0	0.0	0.0	0.08108108108108109	0.05733298067659686	0.0	0.08108108108108109	0.05733298067659686
/paula/2019/aves/data/scoring/acc_maf_ingroup/25/chr15/chr15_25_acc_9609601_9609626.maf	[0.95454545 0.95454545 0.95454545 0.95454545 0.95454545 0.95454545	 0.95454545 0.95454545 0.95454545 0.95454545 0.95454545 1.76666667	 0.95454545 0.95454545 0.95454545 0.95454545 0.95454545 0.95454545	 0.95454545 0.95454545 0.95454545 0.95454545 0.95454545 0.95454545	 0.95454545 0.95454545 0.95454545 0.95454545 0.95454545 0.95454545	 0.95454545 0.95454545 0.95454545 0.95454545 0.95454545 0.95454545	 0.95454545 0.95454545 0.95454545 0.95454545 0.95454545 0.95454545	 0.95454545 0.95454545 0.95454545 0.95454545 0.95454545 0.95454545	 0.95454545 0.95454545]	0.970787878787879	50	25.0	0.0	0.0	0.02	0.014142135549661927	0.0	0.02	0.014142135549661927
/paula/2019/aves/data/scoring/acc_maf_ingroup/25/chr15/chr15_25_acc_338855_338880.maf	[0.95454545 0.95454545 0.95454545 0.95454545 0.95454545 0.95454545	 0.95454545 0.95454545 0.95454545 0.95454545 0.95454545 0.95454545	 0.95454545 0.95454545 0.95454545 0.95454545 0.95454545 0.95454545	 0.95454545 0.95454545 0.95454545 0.95454545 0.95454545 1.76666667	 0.95454545]	0.9870303030303029	25	0.0	0.0	0.0	0.0	0.0	0.0	0.0	0.0
/paula/2019/aves/data/scoring/acc_maf_ingroup/25/chr15/chr15_25_acc_1882544_1882569.maf	[0.95454545 0.95454545 0.95454545 0.95454545 0.95454545 0.95454545	 0.95454545 0.95454545 0.95454545 0.95454545 1.7375     0.95454545	 0.95454545 0.95454545 0.95454545 0.95454545 0.95454545 0.95454545	 0.95454545 0.95454545 0.95454545 0.95454545 0.95454545 0.95454545	 0.95454545]	0.9858636363636364	25	0.0	0.0	0.0	0.0	0.0	0.0	0.0	0.0
/paula/2019/aves/data/scoring/acc_maf_ingroup/25/chr15/chr15_25_acc_4627622_4627647.maf	[1.80909091 0.95454545 0.95454545 0.95454545 0.95454545 0.95454545	 0.95454545 0.95454545 0.95454545 0.95454545 0.95454545 0.95454545	 0.95454545 0.95454545 0.95454545 0.95454545 0.95454545 0.95454545	 0.95454545 0.95454545 0.95454545 0.95454545 0.95454545 0.95454545	 0.95454545 0.95454545]	0.9874125874125874	26	1.0	0.0	0.0	0.0	0.0	0.0	0.0	0.0
/paula/2019/aves/data/scoring/acc_maf_ingroup/25/chr15/chr15_25_acc_702395_702420.maf	[0.95238095 0.95238095 0.95238095 0.95238095 0.95238095 1.60784314	 1.60784314 1.60784314 1.60784314 1.60784314 1.60784314 1.60784314	 1.60784314 1.60784314 1.60784314 1.60784314 1.60784314 1.60784314	 1.60784314 1.60784314 2.37575758 1.60784314 1.60784314 1.60784314	 1.60784314]	1.5074672778202192	25	0.0	0.0	0.0	0.0	0.0	0.0	0.0	0.0
/paula/2019/aves/data/scoring/acc_maf_ingroup/25/chr15/chr15_25_acc_12073638_12073663.maf	[0.95454545 0.95454545 0.95454545 0.95454545 0.95454545 0.95454545	 0.95454545 0.95454545 0.95454545 1.44736842 0.95454545 0.95454545	 0.95454545 0.95454545 0.95454545 0.95454545 0.95454545 0.95454545	 0.95454545 0.95454545 0.95454545 0.95454545 0.95454545 0.95454545	 0.95454545]	0.9742583732057416	25	0.0	3.0	0.0	0.12	0.08485281329797156	0.0	0.12	0.08485281329797156
/paula/2019/aves/data/scoring/acc_maf_ingroup/25/chr15/chr15_25_acc_1972571_1972596.maf	[0.95454545 0.95454545 0.95454545 0.95454545 0.95454545 1.61111111	 0.95454545 0.95454545 0.95454545 0.95454545 0.95454545 0.95454545	 0.95454545 0.95454545 0.95454545 0.95454545 0.95454545 0.95454545	 0.95454545 0.95454545 0.95454545 0.95454545 0.95454545 0.95454545	 0.95454545 0.95454545 0.95454545 0.95454545 0.95454545 0.95454545	 0.95454545 0.95454545 0.95454545 0.95454545 0.95454545 0.95454545	 0.95454545 0.95454545 0.95454545 0.95454545 0.95454545 0.95454545	 0.95454545 0.95454545 0.95454545 0.95454545 0.95454545 0.95454545	 0.95454545 0.95454545 0.95454545 0.95454545 0.95454545 0.95454545	 0.95454545 0.95454545 0.95454545 0.95454545 0.95454545 0.95454545	 0.95454545 0.95454545 0.95454545 0.95454545 0.95454545 0.95454545	 0.95454545 0.95454545 0.95454545 0.95454545 0.95454545 0.95454545	 0.95454545 0.95454545 0.95454545 0.95454545]	0.9631844763423711	76	51.0	0.0	0.0	0.0	0.0	0.0	0.0	0.0
/paula/2019/aves/data/scoring/acc_maf_ingroup/25/chr15/chr15_25_acc_9552653_9552678.maf	[0.95454545 0.95454545 0.95454545 1.7375     0.95454545 0.95454545	 0.95454545 0.95454545 0.95454545 0.95454545 0.95454545 0.95454545	 0.95454545 0.95454545 0.95454545 0.95454545 0.95454545 0.95454545	 0.95454545 0.95454545 0.95454545 0.95454545 0.95454545 0.95454545	 0.95454545]	0.9858636363636364	25	0.0	0.0	0.0	0.0	0.0	0.0	0.0	0.0
/paula/2019/aves/data/scoring/acc_maf_ingroup/25/chr15/chr15_25_acc_9789715_9789740.maf	[0.95238095 0.95238095 0.95238095 0.95238095 0.95238095 0.95	 0.95238095 0.95238095 0.95238095 0.95238095 0.95238095 0.95238095	 0.95238095 0.95238095 0.95238095 0.95238095 0.95238095 0.95238095	 0.95238095 0.95238095 0.95238095 0.95238095 0.95238095 0.95238095	 0.95238095]	0.9522857142857142	25	0.0	1.0	0.04	0.12	0.05656854219864771	0.04	0.12	0.05656854219864771
/paula/2019/aves/data/scoring/acc_maf_ingroup/25/chr15/chr15_25_acc_11645194_11645219.maf	[0.95       0.95       0.95454545 0.95454545 0.95454545 0.95454545	 0.95454545 0.95454545 0.95454545 0.95454545 0.95454545 0.95454545	 0.95454545 0.95454545 0.95454545 0.95454545 0.95454545 0.95454545	 0.95454545 0.95454545 0.95454545 0.95454545 0.95454545 0.95454545	 0.95454545 0.95454545 0.95454545 0.95454545 0.95454545 0.95454545	 0.95454545 0.95454545 0.95454545 0.95454545 0.95454545 0.95454545	 2.3452381  0.95454545 0.95454545 0.95454545 0.95454545 0.95454545	 0.95454545 0.95454545 0.95454545 0.95454545 0.95454545]	0.9839412360688956	47	22.0	0.0	0.02127659574468085	0.0425531914893617	0.015044824912715983	0.02127659574468085	0.0425531914893617	0.015044824912715983
/paula/2019/aves/data/scoring/acc_maf_ingroup/25/chr15/chr15_25_acc_708125_708150.maf	[0.95238095 0.95238095 0.95238095 0.95238095 0.95238095 0.95238095	 0.95238095 0.95238095 0.95238095 1.44444444 0.95238095 0.95238095	 0.95238095 0.95238095 0.95238095 0.95238095 0.95238095 0.95238095	 0.95238095 0.95238095 0.95238095 0.95238095 0.95238095 0.95238095	 0.95238095 0.95238095]	0.9713064713064713	26	1.0	0.0	0.0	0.0	0.0	0.0	0.0	0.0
/paula/2019/aves/data/scoring/acc_maf_ingroup/25/chr15/chr15_25_acc_703592_703617.maf	[0.95454545 0.95454545 0.95454545 0.95454545 0.95454545 0.95454545	 1.44736842 0.95454545 0.95454545 0.95454545 0.95454545 0.95454545	 0.95454545 0.95454545 0.95454545 0.95454545 0.95454545 0.95454545	 0.95454545 0.95454545 0.95454545 0.95454545 0.95454545 0.95454545	 0.95454545 0.95454545 0.95454545 0.95454545]	0.9721462747778535	28	3.0	0.0	0.0	0.0	0.0	0.0	0.0	0.0
/paula/2019/aves/data/scoring/acc_maf_ingroup/25/chr15/chr15_25_acc_12036067_12036092.maf	[0.95454545 0.95454545 0.95454545 0.95454545 0.95454545 0.95454545	 0.95454545 0.95454545 0.95454545 0.95454545 0.95454545 0.95454545	 0.95454545 0.95454545 0.95454545 0.95454545 0.95454545 0.95454545	 0.95454545 0.95454545 0.95454545 0.95454545 1.80555556 0.95454545	 0.95454545]	0.9885858585858586	25	0.0	1.0	0.0	0.04	0.028284271099323854	0.0	0.04	0.028284271099323854
/paula/2019/aves/data/scoring/acc_maf_ingroup/25/chr15/chr15_25_acc_708057_708082.maf	[0.95238095 0.95238095 0.95238095 0.95238095 0.95238095 0.95238095	 0.95238095 0.95238095 0.95238095 0.95238095 0.95238095 0.95238095	 0.95238095 1.73333333 0.95238095 0.95238095 0.95238095 0.95238095	 0.95238095 0.95238095 0.95238095 0.95238095 0.95238095 0.95238095	 0.95238095]	0.9836190476190475	25	0.0	0.0	0.0	0.0	0.0	0.0	0.0	0.0
/paula/2019/aves/data/scoring/acc_maf_ingroup/25/chr15/chr15_25_acc_1838558_1838583.maf	[0.95454545 0.95454545 0.95454545 0.95454545 0.95454545 1.79807692	 0.95454545 0.95454545 0.95454545 0.95454545 0.95454545 0.95454545	 0.95454545 0.95454545 0.95454545 0.95454545 0.95454545 0.95454545	 0.95454545 0.95454545 0.95454545 0.95454545 0.95454545 0.95454545	 0.95454545 0.95454545]	0.9869889725658957	26	1.0	3.0	0.0	0.11538461538461539	0.0815892457846618	0.0	0.11538461538461539	0.0815892457846618
/paula/2019/aves/data/scoring/acc_maf_ingroup/25/chr15/chr15_25_acc_12401934_12401959.maf	[0.95454545 0.95454545 0.95454545 0.95454545 0.95454545 0.95454545	 0.95454545 0.95454545 0.95454545 0.95454545 0.95454545 0.95454545	 0.95454545 0.95454545 0.95454545 0.95454545 1.76666667 0.95454545	 0.95454545 0.95454545 0.95454545 0.95454545 0.95454545 0.95454545	 0.95454545 0.95454545 0.95454545]	0.9846240179573511	27	2.0	1.0	0.0	0.07407407407407407	0.05237828137455711	0.0	0.07407407407407407	0.05237828137455711
/paula/2019/aves/data/scoring/acc_maf_ingroup/25/chr15/chr15_25_acc_4742490_4742515.maf	[0.95454545 0.95454545 0.95454545 0.95454545 0.95454545 0.95454545	 0.95454545 0.95454545 0.95454545 0.95454545 0.95454545 0.95454545	 0.95454545 0.95454545 0.95454545 0.95454545 0.95454545 0.95454545	 0.95454545 0.95454545 0.95454545 0.95238095 0.95454545 0.95454545	 0.95454545]	0.9544588744588745	25	0.0	1.0	0.04	0.08	0.028284271099323854	0.04	0.08	0.028284271099323854
/paula/2019/aves/data/scoring/acc_maf_ingroup/25/chr15/chr15_25_acc_6521036_6521061.maf	[0.95454545 0.95454545 0.95454545 0.95454545 0.95454545 0.95454545	 0.95454545 0.95454545 0.95454545 0.95454545 0.95454545 0.95454545	 0.95454545 0.95454545 0.95454545 0.95454545 0.95454545 0.95454545	 0.95454545 0.95454545 0.95454545 0.95454545 0.95454545 2.3452381	 0.95454545]	1.01017316017316	25	0.0	2.0	0.04	0.12	0.05656854219864771	0.04	0.12	0.05656854219864771
/paula/2019/aves/data/scoring/acc_maf_ingroup/25/chr15/chr15_25_acc_3118201_3118226.maf	[0.95454545 0.95454545 0.95454545 0.95454545 0.95454545 0.95454545	 0.95454545 0.95454545 2.3452381  0.95454545 0.95454545 0.95454545	 0.95454545 0.95454545 0.95454545 0.95454545 0.95454545 0.95454545	 0.95454545 0.95454545 0.95454545 0.95454545 0.95454545 0.95454545	 0.95454545]	1.01017316017316	25	0.0	0.0	0.04	0.0	-0.028284271099323854	0.04	0.0	-0.028284271099323854
/paula/2019/aves/data/scoring/acc_maf_ingroup/25/chr15/chr15_25_acc_1196131_1196156.maf	[0.95454545 0.95454545 0.95454545 0.95454545 0.95454545 0.95454545	 0.95454545 0.95454545 0.95454545 0.95454545 0.95454545 0.95454545	 0.95454545 0.95454545 0.95454545 0.95454545 0.95454545 0.95454545	 0.95454545 0.95454545 0.95454545 0.95454545 0.95454545 0.95454545	 0.95454545 0.95238095 0.95454545 0.95454545 0.95454545 0.95454545	 0.95454545 0.95454545 0.95454545 0.95454545]	0.9544817927170868	34	9.0	0.0	0.029411764705882353	0.058823529411764705	0.02079725870359832	0.029411764705882353	0.058823529411764705	0.02079725870359832
/paula/2019/aves/data/scoring/acc_maf_ingroup/25/chr15/chr15_25_acc_12823248_12823273.maf	[0.95454545 0.95454545 0.95454545 0.95454545 0.95454545 0.95454545	 0.95454545 0.95454545 0.95454545 0.95454545 0.95454545 0.95454545	 0.95454545 0.95454545 0.95454545 1.80555556 0.95454545 0.95454545	 0.95454545 0.95454545 0.95454545 0.95454545 0.95454545 0.95454545	 0.95454545 0.95454545]	0.9872766122766122	26	1.0	0.0	0.0	0.0	0.0	0.0	0.0	0.0
/paula/2019/aves/data/scoring/acc_maf_ingroup/25/chr15/chr15_25_acc_12139620_12139645.maf	[0.95454545 0.95454545 0.95454545 0.95454545 0.95454545 0.95454545	 0.95454545 0.95454545 0.95454545 0.95454545 0.95454545 0.95454545	 0.95454545 0.95454545 0.95454545 0.95454545 1.76666667 0.95454545	 0.95454545 0.95454545 0.95454545 0.95454545 0.95454545 0.95454545	 0.95454545 0.95454545 0.95454545 0.95454545 0.95454545 0.95454545	 0.95454545 0.95454545 0.95454545 0.95454545 0.95454545 0.95454545	 0.95454545 0.95454545 0.95454545 0.95454545 0.95454545 0.95454545	 0.95454545 0.95454545]	0.9730027548209367	44	19.0	0.0	0.0	0.0	0.0	0.0	0.0	0.0
/paula/2019/aves/data/scoring/acc_maf_ingroup/25/chr15/chr15_25_acc_5683751_5683776.maf	[0.95454545 0.95454545 0.95454545 0.95454545 0.95454545 0.95454545	 0.95454545 0.95454545 0.95454545 0.95454545 0.95454545 0.95454545	 0.95454545 0.95454545 0.95454545 0.95454545 0.95454545 1.7375	 0.95454545 0.95454545 0.95454545 0.95454545 0.95454545 0.95454545	 0.95454545 0.95454545 0.95454545]	0.983543771043771	27	2.0	0.0	0.0	0.037037037037037035	0.026189140687278557	0.0	0.037037037037037035	0.026189140687278557
/paula/2019/aves/data/scoring/acc_maf_ingroup/25/chr15/chr15_25_acc_2093503_2093528.maf	[0.95454545 0.95454545 0.95454545 0.95454545 0.95454545 0.95454545	 0.95454545 0.95454545 0.95454545 0.95454545 0.95454545 0.95454545	 0.95454545 0.95454545 1.76666667 0.95454545 0.95454545 0.95454545	 0.95454545 0.95454545 0.95454545 0.95454545 0.95454545 0.95454545	 0.95454545 0.95454545 0.95454545]	0.9846240179573511	27	2.0	2.0	0.0	0.1111111111111111	0.07856742206183566	0.0	0.1111111111111111	0.07856742206183566
/paula/2019/aves/data/scoring/acc_maf_ingroup/25/chr15/chr15_25_acc_2011107_2011132.maf	[0.95454545 0.95454545 0.95454545 0.95454545 0.95454545 0.95454545	 0.95454545 0.95454545 0.95238095 0.95454545 0.95454545 0.95454545	 0.95454545 0.95454545 0.95454545 0.95454545 0.95454545 0.95454545	 0.95454545 0.95454545 0.95454545 0.95454545 0.95454545 0.95454545	 0.95454545 0.95454545]	0.9544622044622044	26	1.0	0.0	0.0	0.0	0.0	0.0	0.0	0.0
/paula/2019/aves/data/scoring/acc_maf_ingroup/25/chr15/chr15_25_acc_12308158_12308183.maf	[0.95454545 0.95454545 0.95454545 0.95454545 0.95238095 0.95454545	 0.95454545 0.95454545 0.95454545 0.95454545 0.95454545 0.95454545	 0.95454545 0.95454545 0.95454545 0.95454545 0.95454545 0.95454545	 0.95454545 0.95454545 0.95454545 0.95454545 0.95454545 0.95454545	 0.95454545]	0.9544588744588745	25	0.0	0.0	0.04	0.04	0.0	0.04	0.04	0.0
/paula/2019/aves/data/scoring/acc_maf_ingroup/25/chr15/chr15_25_acc_3674920_3674945.maf	[0.95454545 0.95454545 0.95454545 0.95454545 0.95454545 0.95454545	 0.95454545 0.95454545 0.95454545 0.95454545 0.95454545 0.95454545	 0.95454545 0.95454545 0.95454545 0.95454545 0.95454545 0.95454545	 0.95454545 0.95454545 0.95454545 0.95454545 0.95       0.95454545	 0.95454545]	0.9543636363636364	25	0.0	1.0	0.0	0.12	0.08485281329797156	0.0	0.12	0.08485281329797156
/paula/2019/aves/data/scoring/acc_maf_ingroup/25/chr15/chr15_25_acc_3721123_3721148.maf	[0.95454545 0.95454545 0.95454545 0.95454545 0.95454545 0.95454545	 0.95454545 1.79807692 0.95454545 0.95454545 0.95454545 0.95454545	 0.95454545 0.95454545 0.95454545 0.95454545 0.95454545 0.95454545	 0.95454545 0.95454545 0.95454545 0.95454545 0.95454545 0.95454545	 0.95454545]	0.9882867132867134	25	0.0	0.0	0.0	0.0	0.0	0.0	0.0	0.0
/paula/2019/aves/data/scoring/acc_maf_ingroup/25/chr15/chr15_25_acc_12351776_12351801.maf	[0.95454545 0.95454545 0.95454545 0.95454545 0.95454545 0.95454545	 0.95454545 0.95454545 0.95454545 1.69117647 1.80909091 0.95454545	 0.95454545 0.95454545 0.95454545 0.95454545 0.95454545 0.95454545	 0.95454545 0.95454545 0.95454545 0.95454545 0.95454545 0.95454545	 0.95454545 0.95454545 0.95454545 0.95454545 0.95454545 0.95454545	 0.95454545 0.95454545 0.95454545 0.95454545 0.95454545 0.95454545	 0.95454545 0.95454545]	0.9964185195609343	38	13.0	0.0	0.0	0.02631578947368421	0.018608073646224237	0.0	0.02631578947368421	0.018608073646224237
/paula/2019/aves/data/scoring/acc_maf_ingroup/25/chr15/chr15_25_acc_828814_828839.maf	[0.95454545 0.95454545 0.95454545 0.95454545 0.95454545 0.95454545	 0.95454545 0.95454545 0.95454545 0.95454545 0.95454545 0.95454545	 0.95454545 0.95454545 0.95454545 0.95454545 0.95454545 0.95454545	 0.95454545 0.95454545 0.95454545 0.95454545 0.95454545 0.95454545	 0.95454545 1.69117647 0.95454545 0.95454545 0.95454545 0.95454545	 0.95454545 0.95454545 0.95454545 0.95454545]	0.9762110726643598	34	9.0	0.0	0.0	0.058823529411764705	0.04159451740719664	0.0	0.058823529411764705	0.04159451740719664
/paula/2019/aves/data/scoring/acc_maf_ingroup/25/chr15/chr15_25_acc_2004563_2004588.maf	[0.95454545 0.95454545 0.95454545 0.95454545 0.94736842 0.95454545	 0.95454545 0.95454545 0.95454545 0.95454545 0.95454545 0.95454545	 0.95454545 0.95454545 0.95454545 0.95454545 0.95454545 0.95454545	 0.95454545 0.95454545 0.95454545 0.95454545 0.95454545 0.95454545	 0.95454545 0.95454545 0.95454545 0.95454545]	0.9542891319207107	28	3.0	0.0	0.03571428571428571	0.14285714285714285	0.07576144815899612	0.03571428571428571	0.14285714285714285	0.07576144815899612
/paula/2019/aves/data/scoring/acc_maf_ingroup/25/chr15/chr15_25_acc_12795026_12795051.maf	[0.95       0.95       1.44117647 0.95       0.95       0.95	 0.95       0.95       0.95       0.95       0.95       0.95	 0.95       0.95       0.95       0.95       0.95       0.95	 0.95       0.95       0.95       0.95       0.95       0.95	 0.95      ]	0.9696470588235293	25	0.0	0.0	0.0	0.0	0.0	0.0	0.0	0.0
/paula/2019/aves/data/scoring/acc_maf_ingroup/25/chr15/chr15_25_acc_8098795_8098820.maf	[0.95454545 0.95454545 0.95454545 0.95454545 0.95454545 0.95454545	 0.95454545 0.95454545 0.95454545 0.95454545 0.95454545 0.95454545	 0.95454545 0.95454545 0.95454545 0.95454545 0.95454545 0.95454545	 1.44736842 0.95454545 0.95454545 0.95454545 0.95454545 0.95454545	 0.95454545]	0.9742583732057416	25	0.0	3.0	0.0	0.12	0.08485281329797156	0.0	0.12	0.08485281329797156
