/paula/2019/aves/data/scoring/acc_maf_ingroup/25/chr18/chr18_25_acc_6065779_6065804.maf	[0.95454545 0.95454545 0.95454545 0.95454545 0.95454545 0.95454545	 0.95454545 0.95454545 0.95454545 0.95454545 0.95454545 0.95454545	 0.95454545 0.95454545 0.95454545 0.95454545 1.61111111 0.95454545	 0.95454545 0.95454545 0.95454545 0.95454545 0.95454545 0.95454545	 0.95454545]	0.9808080808080808	25	0.0	0.0	0.0	0.0	0.0	0.0	0.0	0.0
/paula/2019/aves/data/scoring/acc_maf_ingroup/25/chr18/chr18_25_acc_9713804_9713829.maf	[0.94736842 0.94736842 0.94736842 0.94736842 0.94736842 0.94736842	 0.94736842 0.94736842 0.94736842 0.94736842 0.94736842 0.94736842	 0.94736842 2.32575758 0.94736842 0.94736842 0.94736842 0.94736842	 0.94736842 0.94736842 0.94736842 0.94736842 0.94736842 0.94736842	 0.94736842]	1.0025039872408292	25	0.0	0.0	0.04	0.0	-0.028284271099323854	0.04	0.0	-0.028284271099323854
/paula/2019/aves/data/scoring/acc_maf_ingroup/25/chr18/chr18_25_acc_3866396_3866421.maf	[0.95238095 0.95238095 0.95238095 0.95238095 0.95238095 0.95238095	 0.95238095 0.95238095 0.95238095 0.95238095 0.95238095 0.95238095	 0.95238095 0.95238095 0.95238095 0.95238095 0.95238095 0.95238095	 0.95238095 0.95238095 0.95238095 0.95238095 0.95238095 0.94736842	 0.95238095]	0.9521804511278195	25	0.0	0.0	0.0	0.0	0.0	0.0	0.0	0.0
/paula/2019/aves/data/scoring/acc_maf_ingroup/25/chr18/chr18_25_acc_10674286_10674311.maf	[0.95       0.95454545 0.95454545 0.95454545 0.95454545 0.95454545	 0.95454545 0.95454545 0.95454545 0.95454545 0.95454545 0.95454545	 0.95454545 0.95454545 0.95454545 0.95454545 0.95454545 1.80909091	 1.80909091 0.95454545 0.95454545 0.95454545 0.95454545 0.95454545	 0.95454545]	1.0227272727272727	25	0.0	0.0	0.0	0.0	0.0	0.0	0.0	0.0
/paula/2019/aves/data/scoring/acc_maf_ingroup/25/chr18/chr18_25_acc_7691692_7691717.maf	[0.95454545 0.95454545 0.95454545 0.95454545 0.95454545 0.95454545	 0.95454545 0.95454545 0.95454545 0.95454545 0.95454545 0.95454545	 0.95454545 0.95454545 0.95454545 0.95454545 0.95454545 1.44736842	 0.95454545 0.95454545 0.95454545 0.95454545 0.95454545 0.95454545	 0.95454545 0.95454545 0.95454545 0.95454545]	0.9721462747778535	28	3.0	0.0	0.0	0.0	0.0	0.0	0.0	0.0
/paula/2019/aves/data/scoring/acc_maf_ingroup/25/chr18/chr18_25_acc_3765280_3765305.maf	[0.95238095 0.95238095 0.95238095 0.95238095 0.95238095 0.95238095	 0.95238095 0.95238095 0.95238095 0.95238095 0.95238095 0.95238095	 0.95238095 0.95238095 0.95238095 0.95238095 0.95238095 0.95238095	 0.95238095 0.95238095 0.95238095 0.95238095 0.95238095 0.95238095	 0.94736842 0.95238095 0.95238095 0.95238095 0.95238095 0.95238095	 0.95238095]	0.9522192578219741	31	6.0	0.0	0.0	0.0	0.0	0.0	0.0	0.0
/paula/2019/aves/data/scoring/acc_maf_ingroup/25/chr18/chr18_25_acc_3948162_3948187.maf	[0.95238095 0.95238095 0.95238095 0.95238095 0.95238095 0.95238095	 0.95238095 0.95238095 0.95238095 0.95238095 0.95238095 0.95238095	 0.95238095 0.95238095 0.95238095 0.94736842 0.95238095 0.95238095	 0.95238095 0.95238095 0.95238095 0.95238095 0.95238095 0.95238095	 0.95238095]	0.9521804511278195	25	0.0	1.0	0.0	0.04	0.028284271099323854	0.0	0.04	0.028284271099323854
/paula/2019/aves/data/scoring/acc_maf_ingroup/25/chr18/chr18_25_acc_4242991_4243016.maf	[0.95454545 0.95454545 0.95454545 0.95454545 0.95454545 0.95454545	 0.95454545 0.95454545 0.95454545 0.95454545 0.95454545 0.95454545	 0.95454545 0.95454545 0.95454545 0.95454545 0.95454545 0.95454545	 0.95454545 0.95454545 0.95454545 0.95454545 0.95454545 0.95454545	 0.95454545 1.80555556 0.95454545 0.95454545 0.95454545 0.95454545	 0.95454545 0.95454545 0.95454545 0.95454545 0.95454545 0.95454545	 0.95454545 0.95454545]	0.976940457203615	38	13.0	0.0	0.0	0.0	0.0	0.0	0.0	0.0
/paula/2019/aves/data/scoring/acc_maf_ingroup/25/chr18/chr18_25_acc_10032245_10032270.maf	[0.95454545 0.95454545 0.95454545 0.95454545 0.95454545 0.95454545	 0.95454545 0.95454545 0.95454545 0.95454545 0.95454545 0.95454545	 1.76666667 0.95454545 0.95454545 0.95454545 0.95454545 0.95454545	 0.95454545 0.95454545 0.95454545 0.95454545 0.95454545 0.95454545	 0.95454545]	0.9870303030303029	25	0.0	0.0	0.0	0.0	0.0	0.0	0.0	0.0
/paula/2019/aves/data/scoring/acc_maf_ingroup/25/chr18/chr18_25_acc_4060857_4060882.maf	[0.95238095 0.95238095 0.95238095 0.95238095 0.95238095 0.95238095	 1.7979798  1.7979798  0.95238095 0.95238095 1.7979798  2.48888889	 0.95238095 1.7979798  1.7979798  1.7979798  1.7979798  0.95238095	 1.7979798  1.7979798  1.7979798  1.7979798  1.7979798  0.95238095	 0.95238095 0.95238095 0.95238095 0.95238095 0.95238095 1.7979798	 1.7979798  0.94736842 1.7979798  1.7979798  1.7979798  1.7979798	 1.7979798  1.7979798 ]	1.4377354870429664	38	13.0	0.0	0.0	0.0	0.0	0.0	0.0	0.0
/paula/2019/aves/data/scoring/acc_maf_ingroup/25/chr18/chr18_25_acc_7641284_7641309.maf	[0.95454545 0.95454545 0.95454545 0.95454545 0.95454545 0.95454545	 0.95454545 0.95454545 0.95454545 0.95454545 0.95454545 0.95454545	 0.95454545 0.95454545 0.95454545 0.95454545 0.95454545 0.95454545	 0.95454545 0.95454545 0.95454545 0.95454545 0.95454545 0.95454545	 0.95       0.95454545 0.95454545 0.95454545 0.95454545]	0.9543887147335421	29	4.0	1.0	0.0	0.034482758620689655	0.024382992781171956	0.0	0.034482758620689655	0.024382992781171956
/paula/2019/aves/data/scoring/acc_maf_ingroup/25/chr18/chr18_25_acc_10077588_10077613.maf	[0.95454545 0.95454545 0.95454545 0.95454545 0.95454545 0.95454545	 0.95454545 0.95454545 0.95454545 0.95454545 0.95454545 0.95454545	 0.95454545 0.95454545 0.95454545 0.95454545 0.95454545 1.76666667	 0.95454545 0.95454545 0.95454545 0.95454545 0.95454545 0.95454545	 0.95454545]	0.9870303030303029	25	0.0	0.0	0.0	0.0	0.0	0.0	0.0	0.0
/paula/2019/aves/data/scoring/acc_maf_ingroup/25/chr18/chr18_25_acc_6115664_6115689.maf	[0.95454545 0.95454545 0.95454545 0.95454545 0.95454545 0.95454545	 0.95454545 0.95454545 0.95454545 0.95454545 0.95454545 0.95454545	 0.95454545 0.95454545 0.95454545 0.95       0.95454545 1.44736842	 1.44736842 1.44736842 1.44736842 1.44736842 1.44736842 1.44736842	 1.44736842]	1.1120669856459329	25	0.0	0.0	0.0	0.04	0.028284271099323854	0.0	0.04	0.028284271099323854
/paula/2019/aves/data/scoring/acc_maf_ingroup/25/chr18/chr18_25_acc_979021_979046.maf	[0.95454545 0.95454545 0.95454545 1.80909091 0.95454545 0.95454545	 0.95454545 0.95       0.95454545 0.95454545 0.95454545 0.95454545	 1.6875     0.95454545 0.95454545 0.95454545 0.95454545 0.95454545	 0.95454545 0.95454545 0.95454545 0.95454545 0.95454545 0.95454545	 0.95454545 0.95454545 0.95454545 0.95454545 0.95454545 0.95454545	 0.95454545 0.95454545 0.95454545 0.95454545 0.95454545 0.95454545	 0.95454545]	0.9973280098280096	37	12.0	0.0	0.02702702702702703	0.02702702702702703	0.0	0.02702702702702703	0.02702702702702703	0.0
/paula/2019/aves/data/scoring/acc_maf_ingroup/25/chr18/chr18_25_acc_6154814_6154839.maf	[0.95454545 0.95454545 0.95454545 0.95454545 0.95454545 0.95454545	 0.95454545 0.95454545 0.95454545 0.95454545 0.95       0.95454545	 0.95454545 0.95454545 0.95454545 0.95454545 0.95454545 0.95454545	 0.95454545 0.95454545 0.95454545 0.95454545 0.95454545 0.95454545	 0.95454545 0.95454545 0.95454545 0.95454545 0.95454545 0.95454545	 0.95454545 0.95454545 0.95454545 0.95454545 0.95454545 0.95454545	 0.95454545 0.95454545 0.95454545]	0.9544289044289044	39	14.0	0.0	0.0	0.05128205128205128	0.0362618873080917	0.0	0.05128205128205128	0.0362618873080917
/paula/2019/aves/data/scoring/acc_maf_ingroup/25/chr18/chr18_25_acc_3846209_3846234.maf	[0.95454545 0.95454545 0.95454545 0.95454545 0.95454545 0.95454545	 0.95454545 1.44736842 0.95454545 0.95454545 0.95454545 0.95454545	 0.95454545 0.95454545 0.95454545 0.95454545 0.95454545 0.95454545	 0.95454545 0.95454545 0.95454545 0.95454545 0.95454545 0.95454545	 0.95454545 0.95454545]	0.9735001840264997	26	1.0	0.0	0.0	0.0	0.0	0.0	0.0	0.0
/paula/2019/aves/data/scoring/acc_maf_ingroup/25/chr18/chr18_25_acc_3931274_3931299.maf	[0.95454545 0.95454545 0.95454545 0.95454545 0.95454545 0.95454545	 0.95454545 0.95454545 0.95454545 0.95454545 0.95454545 0.95454545	 0.95454545 0.95454545 0.95454545 0.95454545 0.95454545 0.95454545	 0.95454545 0.95454545 0.95454545 1.76666667 0.95454545 0.95454545	 0.95454545]	0.9870303030303029	25	0.0	0.0	0.0	0.0	0.0	0.0	0.0	0.0
/paula/2019/aves/data/scoring/acc_maf_ingroup/25/chr18/chr18_25_acc_3861970_3861995.maf	[0.95454545 0.95454545 0.95454545 0.95454545 0.95454545 0.95454545	 0.95454545 0.95454545 1.61111111 0.95454545 0.95454545 0.95454545	 0.95454545 0.95454545 0.95454545 0.95454545 0.95454545 0.95454545	 0.95454545 0.95454545 0.95454545 0.95454545 1.80909091 1.80909091	 1.80909091]	1.0833535353535353	25	0.0	0.0	0.0	0.0	0.0	0.0	0.0	0.0
/paula/2019/aves/data/scoring/acc_maf_ingroup/25/chr18/chr18_25_acc_6604058_6604083.maf	[0.95454545 0.95454545 0.95454545 0.95454545 0.95454545 0.95454545	 0.95454545 0.95454545 0.95454545 0.95454545 0.95454545 0.95454545	 0.95454545 0.95454545 0.95454545 0.95454545 0.95454545 0.95454545	 0.95454545 0.95454545 0.95454545 0.95       0.95454545 0.95454545	 0.95454545]	0.9543636363636364	25	0.0	0.0	0.0	0.0	0.0	0.0	0.0	0.0
/paula/2019/aves/data/scoring/acc_maf_ingroup/25/chr18/chr18_25_acc_7603325_7603350.maf	[0.95454545 0.95454545 0.95454545 0.95454545 0.95454545 0.95454545	 0.95454545 0.95454545 0.95454545 0.95454545 0.95454545 0.95454545	 0.95454545 0.95454545 0.95454545 0.95454545 0.95454545 0.95454545	 0.95454545 0.95454545 0.95454545 0.95454545 0.95454545 0.95454545	 0.95454545 0.95454545 0.95       0.95454545 0.95454545 0.95454545	 0.95454545]	0.9543988269794719	31	6.0	0.0	0.0	0.03225806451612903	0.022809895877894847	0.0	0.03225806451612903	0.022809895877894847
/paula/2019/aves/data/scoring/acc_maf_ingroup/25/chr18/chr18_25_acc_7032397_7032422.maf	[0.95454545 0.95454545 0.95454545 0.95454545 0.95454545 0.95454545	 0.95454545 0.95454545 0.95454545 0.95454545 0.95454545 0.95454545	 0.95454545 0.95454545 0.95454545 0.95454545 0.95454545 0.95454545	 0.95454545 1.76666667 0.95454545 0.95454545 0.95454545 0.95454545	 0.95454545]	0.9870303030303029	25	0.0	1.0	0.0	0.04	0.028284271099323854	0.0	0.04	0.028284271099323854
/paula/2019/aves/data/scoring/acc_maf_ingroup/25/chr18/chr18_25_acc_3072235_3072260.maf	[0.95454545 0.95454545 0.95454545 0.95454545 0.95454545 0.95454545	 0.95454545 0.95454545 0.95454545 0.95454545 0.95454545 0.95454545	 0.95454545 1.44736842 0.95454545 0.95454545 0.95454545 0.95454545	 0.95454545 0.95454545 0.95454545 0.95454545 0.95454545 0.95454545	 0.95454545 0.95454545]	0.9735001840264997	26	1.0	1.0	0.0	0.07692307692307693	0.05439283227922659	0.0	0.07692307692307693	0.05439283227922659
/paula/2019/aves/data/scoring/acc_maf_ingroup/25/chr18/chr18_25_acc_7603150_7603175.maf	[0.95454545 0.95454545 0.95454545 0.95454545 0.95454545 0.95454545	 0.95454545 0.95454545 0.95454545 0.95454545 0.95454545 0.95454545	 0.95454545 0.95454545 0.95454545 0.95454545 0.95454545 0.95454545	 0.95454545 0.95454545 0.95454545 0.95454545 0.95454545 0.95454545	 0.95454545 0.95454545 0.95454545 1.44736842 0.95454545]	0.9715393499422535	29	4.0	1.0	0.0	0.06896551724137931	0.04876598556234391	0.0	0.06896551724137931	0.04876598556234391
/paula/2019/aves/data/scoring/acc_maf_ingroup/25/chr18/chr18_25_acc_6747840_6747865.maf	[0.95454545 0.95454545 0.95454545 0.95238095 0.95454545 0.95454545	 0.95454545 0.95454545 0.95454545 0.95454545 0.95454545 0.95454545	 0.95454545 0.95454545 0.95454545 0.95454545 0.95454545 0.95454545	 0.95454545 0.95454545 0.95454545 0.95454545 0.95454545 0.95454545	 0.95454545 0.95454545 0.95454545 0.95454545 0.95454545 0.95454545]	0.9544733044733043	30	5.0	0.0	0.03333333333333333	0.03333333333333333	0.0	0.03333333333333333	0.03333333333333333	0.0
/paula/2019/aves/data/scoring/acc_maf_ingroup/25/chr18/chr18_25_acc_2755857_2755882.maf	[0.95454545 0.95454545 0.95454545 0.95454545 0.95454545 0.95454545	 0.95454545 0.95454545 0.95454545 0.95454545 0.95454545 0.95454545	 0.95454545 0.95454545 0.95454545 0.95454545 0.95454545 0.95454545	 0.95454545 0.95454545 0.95454545 1.7375     0.95454545 0.95454545	 0.95454545 0.95454545 0.95454545 0.95454545]	0.9825081168831168	28	3.0	0.0	0.0	0.0	0.0	0.0	0.0	0.0
/paula/2019/aves/data/scoring/acc_maf_ingroup/25/chr18/chr18_25_acc_6887454_6887479.maf	[0.95454545 0.95454545 0.95454545 0.95454545 0.95454545 0.95454545	 0.95454545 0.95454545 0.95454545 0.95454545 0.95454545 0.95454545	 0.95454545 0.95454545 0.95454545 0.95454545 0.95454545 0.95454545	 0.95454545 0.95454545 0.95454545 0.95454545 0.95454545 0.95454545	 0.95454545 0.95454545 0.95454545 0.95454545 0.95454545 0.95454545	 0.95454545 0.95454545 0.95454545 0.95454545 0.95454545 1.80909091	 0.95454545 0.95454545 0.95454545 0.95454545 0.95454545 0.95454545	 0.95454545 0.95454545 0.95454545 0.95454545 0.95454545 0.95454545	 0.95454545 0.95454545 0.95454545 0.95454545 0.95454545 0.95454545	 0.95454545 0.95454545 0.95454545 0.95454545 0.95454545 0.95454545	 0.95454545 0.95454545 0.95454545 0.95454545 0.95454545 0.95454545	 0.95454545 0.95454545 0.95454545 0.95454545 0.95454545 0.95454545	 0.95454545 0.95454545 0.95454545 0.95454545 0.95454545 0.95454545	 0.95454545 0.95454545]	0.965227272727273	80	55.0	2.0	0.0	0.05	0.03535534019124386	0.0	0.05	0.03535534019124386
/paula/2019/aves/data/scoring/acc_maf_ingroup/25/chr18/chr18_25_acc_3862070_3862095.maf	[0.95454545 0.95454545 0.95454545 0.95454545 0.95454545 0.95454545	 0.95       0.95454545 0.95454545 0.95454545 0.95454545 0.95454545	 0.95454545 0.95454545 0.95454545 0.95454545 0.95454545 0.95454545	 0.95454545 0.95454545 0.95454545 0.95454545 0.95454545 0.95454545	 0.95454545]	0.9543636363636364	25	0.0	0.0	0.0	0.0	0.0	0.0	0.0	0.0
/paula/2019/aves/data/scoring/acc_maf_ingroup/25/chr18/chr18_25_acc_7645404_7645429.maf	[0.95454545 0.95454545 0.95454545 0.95454545 1.79807692 0.95454545	 0.95454545 0.95454545 0.95454545 0.95454545 0.95454545 0.95454545	 0.95454545 0.95454545 0.95454545 0.95454545 0.95454545 0.95454545	 0.95454545 0.95454545 0.95454545 0.95454545 0.95454545 0.95454545	 0.95454545]	0.9882867132867134	25	0.0	0.0	0.0	0.0	0.0	0.0	0.0	0.0
/paula/2019/aves/data/scoring/acc_maf_ingroup/25/chr18/chr18_25_acc_2443651_2443676.maf	[0.95454545 0.95454545 0.95454545 0.95454545 1.7375     0.95454545	 0.95454545 0.95454545 0.95454545 0.95454545 0.95454545 0.95454545	 0.95454545 0.95454545 0.95454545 0.95454545 0.95454545 0.95454545	 0.95454545 0.95454545 0.95454545 0.95454545 0.95454545 0.95454545	 0.95454545]	0.9858636363636364	25	0.0	1.0	0.0	0.04	0.028284271099323854	0.0	0.04	0.028284271099323854
/paula/2019/aves/data/scoring/acc_maf_ingroup/25/chr18/chr18_25_acc_4037603_4037628.maf	[0.95454545 0.95454545 1.79807692 0.95454545 0.95454545 0.95454545	 0.95454545 0.95454545 0.95454545 0.95454545 0.95454545 0.95454545	 0.95454545 0.95454545 0.95454545 0.95454545 0.95454545 0.95454545	 0.95454545 0.95454545 0.95454545 0.95454545 0.95454545 0.95454545	 0.95454545]	0.9882867132867134	25	0.0	0.0	0.0	0.0	0.0	0.0	0.0	0.0
/paula/2019/aves/data/scoring/acc_maf_ingroup/25/chr18/chr18_25_acc_7691642_7691667.maf	[0.95454545 0.95454545 0.95454545 0.95454545 0.95454545 0.95454545	 0.95454545 0.95454545 0.95454545 0.95454545 0.95454545 0.95454545	 0.95454545 0.95454545 0.95454545 0.95454545 0.95454545 0.95454545	 0.95454545 0.95454545 0.95454545 0.95454545 0.95454545 0.95454545	 0.95454545 0.95454545 0.95454545 0.95454545 0.95454545 0.95454545	 0.95       0.95454545]	0.9544034090909091	32	7.0	1.0	0.0	0.03125	0.02209708729025515	0.0	0.03125	0.02209708729025515
/paula/2019/aves/data/scoring/acc_maf_ingroup/25/chr18/chr18_25_acc_3765121_3765146.maf	[0.95238095 0.95238095 0.95238095 0.95238095 1.60784314 0.95238095	 1.60784314 0.95238095 0.95238095 0.95238095 0.95238095 0.95238095	 0.95238095 0.95238095 0.95238095 0.95238095 0.95238095 0.95238095	 0.95238095 0.95238095 0.95238095 0.95238095 0.95238095 1.60784314	 0.95238095 0.95238095]	1.0280112044817926	26	1.0	0.0	0.0	0.0	0.0	0.0	0.0	0.0
/paula/2019/aves/data/scoring/acc_maf_ingroup/25/chr18/chr18_25_acc_6062821_6062846.maf	[0.95454545 0.95454545 0.95454545 0.95454545 0.95454545 0.95454545	 0.95454545 0.95454545 1.44736842 0.95454545 0.95454545 0.95454545	 0.95454545 0.95       0.95454545 0.95454545 0.95454545 0.95454545	 0.95454545 0.95454545 0.95454545 0.95454545 0.95454545 0.95454545	 0.95454545]	0.9740765550239234	25	0.0	1.0	0.0	0.04	0.028284271099323854	0.0	0.04	0.028284271099323854
/paula/2019/aves/data/scoring/acc_maf_ingroup/25/chr18/chr18_25_acc_4025393_4025418.maf	[0.95454545 0.95454545 0.95454545 0.95454545 0.95454545 0.94736842	 0.95454545 0.95454545 0.95454545 0.95454545 0.95454545 0.95454545	 0.95454545 0.95454545 0.95454545 0.95454545 0.95454545 0.95454545	 0.95454545 0.95454545 0.95454545 0.95454545 0.95454545 0.95454545	 0.95454545 0.95454545 0.95454545 0.95454545 0.95454545 0.95454545	 0.95454545 0.95454545 0.95454545 0.95454545 0.95454545 0.95454545	 0.95454545 0.95454545 0.95454545 0.95454545 0.95454545 0.95454545	 0.95454545 0.95454545 0.95454545 0.95454545 0.95454545 0.95454545	 0.95454545]	0.9543989844741726	49	24.0	1.0	0.02040816326530612	0.061224489795918366	0.02886150380969585	0.02040816326530612	0.061224489795918366	0.02886150380969585
/paula/2019/aves/data/scoring/acc_maf_ingroup/25/chr18/chr18_25_acc_8096023_8096048.maf	[0.95454545 0.95454545 0.95454545 0.95454545 0.95454545 0.95454545	 0.95454545 0.95454545 0.95454545 0.95454545 0.95454545 0.95454545	 0.95454545 0.95454545 0.95454545 0.95454545 2.3452381  0.95454545	 0.95454545 0.95454545 0.95454545 0.95454545 0.95454545 0.95454545	 0.95454545]	1.01017316017316	25	0.0	0.0	0.04	0.0	-0.028284271099323854	0.04	0.0	-0.028284271099323854
/paula/2019/aves/data/scoring/acc_maf_ingroup/25/chr18/chr18_25_acc_6129740_6129765.maf	[0.95454545 0.95454545 0.95454545 0.95454545 0.95454545 0.95454545	 0.95454545 0.95454545 0.95454545 0.95454545 0.95454545 0.95454545	 0.95454545 0.95454545 0.95454545 0.95454545 0.95454545 0.95454545	 0.95454545 0.95       0.95454545 0.95454545 0.95454545 0.95454545	 0.95454545]	0.9543636363636364	25	0.0	0.0	0.0	0.0	0.0	0.0	0.0	0.0
/paula/2019/aves/data/scoring/acc_maf_ingroup/25/chr18/chr18_25_acc_4025843_4025868.maf	[0.95454545 0.95454545 1.80555556 0.95454545 0.95454545 0.95454545	 0.95454545 0.95454545 0.95454545 0.95454545 0.95454545 0.95454545	 0.95454545 0.95454545 0.95454545 0.95454545 0.95454545 0.95454545	 0.95454545 0.95454545 0.95454545 0.95454545 0.95454545 0.95454545	 0.95454545]	0.9885858585858586	25	0.0	0.0	0.0	0.0	0.0	0.0	0.0	0.0
/paula/2019/aves/data/scoring/acc_maf_ingroup/25/chr18/chr18_25_acc_10679331_10679356.maf	[0.95454545 0.95454545 0.95454545 0.95454545 0.95454545 0.95454545	 0.95454545 1.79807692 0.95454545 0.95454545 0.95454545 0.95454545	 0.95454545 0.95454545 0.95454545 0.95454545 0.95454545 0.95454545	 0.95454545 0.95454545 0.95454545 0.95454545 0.95454545 0.95454545	 0.95454545]	0.9882867132867134	25	0.0	0.0	0.0	0.0	0.0	0.0	0.0	0.0
/paula/2019/aves/data/scoring/acc_maf_ingroup/25/chr18/chr18_25_acc_8909051_8909076.maf	[0.94736842 0.94736842 0.94736842 0.94736842 0.95       0.95	 0.95       0.95       0.95       0.95       0.95       0.95	 0.95       0.95       0.95       0.95       0.95       0.95	 0.95       0.95       0.95       0.95       0.95       0.95	 1.72857143]	0.9807218045112781	25	0.0	0.0	0.16	0.16	0.0	0.16	0.16	0.0
/paula/2019/aves/data/scoring/acc_maf_ingroup/25/chr18/chr18_25_acc_924017_924042.maf	[0.95454545 0.95454545 0.95454545 0.95454545 0.95454545 0.95454545	 0.95454545 0.95454545 0.95454545 0.95454545 0.95454545 0.95454545	 0.95454545 0.95454545 0.95454545 0.95454545 0.95454545 0.95454545	 0.95454545 0.95454545 0.95454545 0.95454545 0.95454545 0.95454545	 0.95454545 0.95454545 0.95       0.95454545]	0.9543831168831167	28	3.0	1.0	0.0	0.03571428571428571	0.02525381517493935	0.0	0.03571428571428571	0.02525381517493935
/paula/2019/aves/data/scoring/acc_maf_ingroup/25/chr18/chr18_25_acc_6115985_6116010.maf	[0.95454545 0.95454545 0.95       0.95       0.95       0.95	 0.95       0.95       0.95       0.95       0.95       0.95	 0.95       0.95       0.95       0.95       0.95       0.95	 0.95       0.95       0.95       0.95       0.95       0.95	 0.95       0.95       0.95       0.95       0.95       0.95	 0.95       0.95       0.95       0.95       0.95454545 0.95454545	 0.95454545 0.95454545 0.95454545 0.95454545 0.95454545 0.95454545	 0.95454545 0.95454545 0.95454545 0.95454545 0.95454545 0.95454545	 0.95454545 0.95454545 0.95454545 0.95454545 0.95454545 0.95454545	 0.95454545 0.95454545 0.95454545 0.95454545 0.95454545 0.95454545	 0.95454545 0.95454545 0.95454545 0.95454545 0.95454545 0.95454545	 1.7375     0.95454545 0.95454545 0.95454545 0.95454545]	0.9635243277848912	71	46.0	0.0	0.0	0.028169014084507043	0.01991850084837393	0.0	0.028169014084507043	0.01991850084837393
/paula/2019/aves/data/scoring/acc_maf_ingroup/25/chr18/chr18_25_acc_7634433_7634458.maf	[0.95454545 0.95454545 0.95454545 0.95454545 0.95454545 0.95454545	 0.95454545 0.95454545 0.95454545 0.95454545 0.95454545 0.95454545	 0.95454545 0.95454545 0.95454545 0.95454545 0.95454545 0.95454545	 0.95454545 1.76666667 0.95454545 0.95454545 0.95454545 0.95454545	 0.95454545 0.95454545 0.95454545 0.95454545 0.95454545 0.95454545	 0.95454545 0.95454545]	0.9799242424242425	32	7.0	1.0	0.0	0.03125	0.02209708729025515	0.0	0.03125	0.02209708729025515
/paula/2019/aves/data/scoring/acc_maf_ingroup/25/chr18/chr18_25_acc_10709964_10709989.maf	[0.95454545 0.95454545 0.95454545 0.95454545 0.95454545 0.95454545	 0.95454545 0.95454545 0.95454545 0.95454545 0.95454545 0.95454545	 0.95454545 0.95454545 0.95454545 0.95454545 0.95454545 0.95454545	 0.95454545 0.95454545 0.95454545 1.80909091 0.95454545 0.95454545	 0.95454545]	0.9887272727272728	25	0.0	0.0	0.0	0.0	0.0	0.0	0.0	0.0
/paula/2019/aves/data/scoring/acc_maf_ingroup/25/chr18/chr18_25_acc_10219180_10219205.maf	[0.95454545 0.95454545 0.95454545 0.95454545 0.95454545 0.95454545	 1.79807692 0.95454545 0.95454545 0.95454545 0.95454545 0.95454545	 0.95454545 0.95454545 0.95454545 0.95454545 0.95454545 0.95454545	 0.95454545 0.95454545 0.95454545 0.95454545 0.95454545 0.95454545	 0.95454545 0.95454545 0.95454545 0.95454545 0.95454545 0.95454545	 0.95454545 0.95454545]	0.9809058129370629	32	7.0	0.0	0.0	0.0	0.0	0.0	0.0	0.0
/paula/2019/aves/data/scoring/acc_maf_ingroup/25/chr18/chr18_25_acc_3866571_3866596.maf	[0.95238095 0.95238095 0.95238095 0.95238095 0.95238095 0.95238095	 0.95238095 0.95238095 0.95238095 0.95238095 0.95238095 0.95238095	 0.95238095 0.95238095 0.95238095 0.95238095 0.95238095 0.95238095	 0.95238095 0.95238095 0.95238095 1.76190476 0.95238095 0.95238095	 0.95238095]	0.9847619047619047	25	0.0	1.0	0.0	0.04	0.028284271099323854	0.0	0.04	0.028284271099323854
/paula/2019/aves/data/scoring/acc_maf_ingroup/25/chr18/chr18_25_acc_2325987_2326012.maf	[1.44444444 1.44444444 1.44444444 1.44444444 1.44444444 1.44444444	 1.44444444 1.44444444 1.44444444 1.44444444 1.44444444 1.44444444	 1.44444444 1.44444444 1.44444444 0.95238095 0.95238095 0.95238095	 0.95238095 0.95238095 0.94736842 0.95238095 0.95238095 0.95238095	 0.95238095]	1.2474185463659146	25	0.0	0.0	0.0	0.0	0.0	0.0	0.0	0.0
/paula/2019/aves/data/scoring/acc_maf_ingroup/25/chr18/chr18_25_acc_2160733_2160758.maf	[0.95238095 0.95238095 0.95238095 0.95238095 0.95238095 0.95238095	 0.95238095 0.95238095 0.95238095 0.95238095 0.95238095 0.95238095	 0.95238095 0.95238095 0.95238095 0.95238095 0.95238095 0.95238095	 0.95238095 0.95238095 0.95238095 0.95238095 0.95238095 1.73333333	 0.95238095]	0.9836190476190475	25	0.0	0.0	0.0	0.0	0.0	0.0	0.0	0.0
/paula/2019/aves/data/scoring/acc_maf_ingroup/25/chr18/chr18_25_acc_7841692_7841717.maf	[0.95454545 0.95454545 0.95454545 0.95454545 0.95454545 0.95454545	 0.95454545 0.95454545 0.95454545 0.95454545 0.95454545 0.95454545	 0.95454545 0.95454545 0.95454545 0.95454545 0.95454545 0.95454545	 0.95454545 0.95454545 0.95454545 0.95454545 0.95454545 0.95454545	 0.95454545 0.94736842]	0.9542694147957305	26	1.0	0.0	0.038461538461538464	0.11538461538461539	0.054392827010870434	0.038461538461538464	0.11538461538461539	0.054392827010870434
/paula/2019/aves/data/scoring/acc_maf_ingroup/25/chr18/chr18_25_acc_8748640_8748665.maf	[0.95454545 0.95454545 0.95454545 0.95454545 0.95454545 0.95454545	 0.95454545 0.95454545 0.95454545 0.95454545 0.95454545 0.95454545	 0.95454545 1.78571429 0.95454545 0.95454545 0.95454545 0.95454545	 0.95454545 0.95454545 0.95454545 0.95454545 0.95454545 0.95454545	 0.95454545]	0.9877922077922077	25	0.0	0.0	0.0	0.04	0.028284271099323854	0.0	0.04	0.028284271099323854
/paula/2019/aves/data/scoring/acc_maf_ingroup/25/chr18/chr18_25_acc_10218635_10218660.maf	[0.95454545 0.95454545 0.95454545 0.95454545 0.95454545 0.95454545	 0.95454545 0.95454545 0.95454545 0.95454545 0.95454545 0.95454545	 0.95454545 0.95454545 0.95454545 0.95454545 0.95454545 0.95454545	 0.95454545 0.95454545 0.95454545 0.95       0.95454545 0.95454545	 0.95454545]	0.9543636363636364	25	0.0	2.0	0.0	0.08	0.05656854219864771	0.0	0.08	0.05656854219864771
/paula/2019/aves/data/scoring/acc_maf_ingroup/25/chr18/chr18_25_acc_9060428_9060453.maf	[0.95454545 0.95454545 0.95454545 1.80555556 0.95454545 0.95454545	 0.95454545 0.95454545 0.95454545 0.95454545 0.95454545 0.95454545	 0.95454545 0.95454545 0.95454545 0.95454545 0.95454545 0.95454545	 0.95454545 0.95454545 0.95454545 0.95454545 0.95454545 0.95454545	 0.95454545 0.95454545]	0.9872766122766122	26	1.0	0.0	0.0	0.0	0.0	0.0	0.0	0.0
/paula/2019/aves/data/scoring/acc_maf_ingroup/25/chr18/chr18_25_acc_8193482_8193507.maf	[0.95454545 0.95454545 0.95454545 0.95454545 2.26190476 2.26666667	 0.95454545 0.95454545 0.95454545 0.95454545 0.95454545 0.95454545	 0.95454545 0.95454545 0.95454545 0.95454545 0.95454545 0.95454545	 0.95454545 0.95454545 0.95454545 0.95454545 0.95454545 0.95454545	 0.95454545 0.95454545 0.95454545 0.95454545 0.95454545 0.95454545	 0.95454545]	1.0390448261416	31	6.0	0.0	0.03225806451612903	0.0	-0.022809895877894847	0.03225806451612903	0.0	-0.022809895877894847
/paula/2019/aves/data/scoring/acc_maf_ingroup/25/chr18/chr18_25_acc_10116932_10116957.maf	[0.95454545 0.95454545 0.95454545 1.80555556 0.95454545 0.95454545	 0.95454545 0.95454545 0.95454545 0.95454545 0.95454545 0.95454545	 0.95454545 0.95454545 0.95454545 0.95454545 0.95454545 0.95454545	 0.95454545 0.95454545 0.95454545 0.95454545 0.95454545 0.95454545	 0.95454545 0.95454545 0.95454545 1.44736842 0.95454545 1.44736842]	1.0157673223462695	30	5.0	1.0	0.0	0.1	0.07071068038248772	0.0	0.1	0.07071068038248772
/paula/2019/aves/data/scoring/acc_maf_ingroup/25/chr18/chr18_25_acc_10078990_10079015.maf	[0.95454545 0.95454545 0.95454545 0.95454545 0.95454545 0.95454545	 0.95454545 0.95454545 0.95454545 0.95454545 0.95454545 0.95454545	 0.95454545 0.95454545 0.95454545 0.95454545 0.95454545 0.95454545	 0.95454545 0.95454545 0.95454545 0.95454545 0.95454545 0.95454545	 0.95454545 0.95454545 1.7375     0.95454545]	0.9825081168831168	28	3.0	0.0	0.0	0.0	0.0	0.0	0.0	0.0
/paula/2019/aves/data/scoring/acc_maf_ingroup/25/chr18/chr18_25_acc_6154839_6154864.maf	[0.95       0.95454545 0.95454545 0.95454545 0.95454545 0.95454545	 0.95454545 0.95454545 0.95454545 0.95454545 0.95454545 0.95454545	 0.95454545 0.95454545 0.95454545 0.95454545 0.95454545 0.95454545	 0.95454545 0.95454545 0.95454545 0.95454545 0.95454545 0.95454545	 0.95454545 0.95454545 0.95454545 0.95454545 0.95454545 0.95454545	 0.95454545 0.95454545 0.95454545 0.95454545 0.95454545 0.95454545	 0.95454545 0.95454545 0.95454545 0.95454545 0.95454545 0.95454545	 0.95454545 0.95454545 0.95454545 0.95454545 0.95454545 0.95454545	 0.95454545 0.95454545 0.95454545 0.95454545 0.95454545 0.95454545	 0.95454545 0.95454545 0.95454545 0.95454545 0.95454545 0.95454545	 0.95454545 0.95454545 0.95454545 0.95454545 0.95454545 0.95454545	 0.95454545 0.95454545 0.95454545]	0.9544795783926221	69	44.0	1.0	0.0	0.014492753623188406	0.010247924731290655	0.0	0.014492753623188406	0.010247924731290655
/paula/2019/aves/data/scoring/acc_maf_ingroup/25/chr18/chr18_25_acc_924342_924367.maf	[0.95454545 0.95454545 0.95454545 0.95454545 0.95454545 0.95454545	 0.95454545 0.95454545 0.95454545 0.95454545 0.95454545 0.95454545	 0.95454545 0.95454545 0.95454545 0.95454545 0.95454545 0.95454545	 0.95454545 0.95454545 0.95454545 0.95454545 0.95       0.95	 0.95       0.95      ]	0.9538461538461538	26	1.0	0.0	0.0	0.038461538461538464	0.027196416139613294	0.0	0.038461538461538464	0.027196416139613294
/paula/2019/aves/data/scoring/acc_maf_ingroup/25/chr18/chr18_25_acc_7626027_7626052.maf	[1.44444444 0.95238095 0.95238095 0.95238095 0.95238095 0.95238095	 0.95238095 0.95238095 0.95238095 0.95238095 0.95238095 0.95238095	 0.95238095 0.95238095 0.95238095 0.95238095 0.95238095 0.95238095	 0.95238095 0.95238095 0.95238095 0.95238095 0.95238095 0.95238095	 0.94736842]	0.9718629908103591	25	0.0	0.0	0.0	0.0	0.0	0.0	0.0	0.0
/paula/2019/aves/data/scoring/acc_maf_ingroup/25/chr18/chr18_25_acc_3566136_3566161.maf	[0.94444444 0.94444444 0.94444444 0.94444444 0.94444444 0.94444444	 0.94444444 0.94444444 0.94444444 0.94444444 0.94444444 0.94444444	 0.94444444 0.94444444 0.94117647 0.94444444 0.94444444 0.94444444	 0.94444444 0.94444444 0.94444444 0.94444444 0.94444444 0.94444444	 0.94444444]	0.9443137254901959	25	0.0	0.0	0.04	0.04	0.0	0.04	0.04	0.0
/paula/2019/aves/data/scoring/acc_maf_ingroup/25/chr18/chr18_25_acc_4849405_4849430.maf	[0.95454545 0.95454545 0.95454545 0.95454545 0.95454545 0.95454545	 0.95454545 0.95454545 0.95454545 0.95454545 0.95454545 0.95454545	 0.95454545 0.95454545 0.95454545 0.95454545 0.95454545 0.95454545	 0.95454545 0.95454545 0.95454545 0.95454545 0.95454545 1.7375	 0.95454545]	0.9858636363636364	25	0.0	0.0	0.0	0.04	0.028284271099323854	0.0	0.04	0.028284271099323854
/paula/2019/aves/data/scoring/acc_maf_ingroup/25/chr18/chr18_25_acc_2533314_2533339.maf	[0.95454545 0.95454545 0.95454545 0.95454545 0.95454545 0.95454545	 0.95454545 0.95454545 1.80555556 0.95454545 0.95454545 0.95454545	 0.95454545 0.95454545 0.95454545 0.95454545 0.95454545 0.95454545	 0.95454545 0.95454545 0.95454545 0.95454545 0.95454545 0.95454545	 0.95454545 0.95454545 0.95454545]	0.9860643471754581	27	2.0	0.0	0.0	0.0	0.0	0.0	0.0	0.0
/paula/2019/aves/data/scoring/acc_maf_ingroup/25/chr18/chr18_25_acc_5005163_5005188.maf	[1.6875     1.6875     0.95238095 1.6875     1.6875     1.6875	 2.33974359 0.95238095 0.95238095 1.76190476 0.95238095 0.95238095	 0.95238095 0.95238095 0.95238095 0.95238095 0.95238095 0.95238095	 0.95238095 0.95238095 0.95238095 0.95238095 0.95238095 0.95238095	 0.95238095 0.95238095]	1.1782456325725557	26	1.0	0.0	0.038461538461538464	0.0	-0.027196416139613294	0.038461538461538464	0.0	-0.027196416139613294
/paula/2019/aves/data/scoring/acc_maf_ingroup/25/chr18/chr18_25_acc_7711889_7711914.maf	[0.95454545 0.95454545 0.95454545 0.95454545 0.95454545 0.95454545	 0.95454545 0.95454545 0.95454545 0.95454545 0.95454545 0.95454545	 0.95454545 0.95454545 0.95454545 0.95454545 0.95454545 0.95454545	 0.95454545 0.95454545 0.95454545 0.95454545 0.95       0.95454545	 0.95454545 0.95454545 0.95454545 0.95454545 0.95454545 0.95454545	 0.95454545 0.95454545 0.95454545 0.95454545 0.95454545 0.95454545	 0.95454545]	0.9544226044226044	37	12.0	0.0	0.0	0.02702702702702703	0.01911099487595466	0.0	0.02702702702702703	0.01911099487595466
/paula/2019/aves/data/scoring/acc_maf_ingroup/25/chr18/chr18_25_acc_1428869_1428894.maf	[0.95454545 0.95454545 1.78571429 0.95454545 0.95454545 0.95454545	 0.95454545 0.95454545 0.95454545 0.95454545 0.95454545 0.95	 0.95454545 0.95454545 0.95454545 0.95454545 0.95454545 0.95454545	 0.95454545 0.95454545 0.95454545 0.95454545 0.95454545 0.95454545	 0.95454545 0.95454545]	0.9863386613386613	26	1.0	2.0	0.0	0.23076923076923078	0.1631784915693236	0.0	0.23076923076923078	0.1631784915693236
/paula/2019/aves/data/scoring/acc_maf_ingroup/25/chr18/chr18_25_acc_7211409_7211434.maf	[0.95454545 0.95454545 0.95454545 0.95454545 0.95454545 2.3452381	 0.95454545 0.95454545 0.95454545 0.95454545 0.95454545 0.95454545	 0.95454545 0.95454545 0.95454545 0.95454545 0.95454545 0.95454545	 0.95454545 0.95454545 0.95454545 0.95454545 0.95454545 0.95454545	 0.95454545]	1.01017316017316	25	0.0	0.0	0.04	0.0	-0.028284271099323854	0.04	0.0	-0.028284271099323854
/paula/2019/aves/data/scoring/acc_maf_ingroup/25/chr18/chr18_25_acc_8064461_8064486.maf	[0.95454545 0.95454545 0.95454545 0.95454545 0.95454545 0.95454545	 0.95454545 0.95454545 0.95454545 0.95454545 0.95454545 0.95454545	 0.95454545 0.95454545 0.95454545 0.95454545 0.95454545 0.95454545	 0.95454545 0.95454545 0.95454545 0.95454545 1.76666667 0.95454545	 0.95454545]	0.9870303030303029	25	0.0	0.0	0.0	0.04	0.028284271099323854	0.0	0.04	0.028284271099323854
/paula/2019/aves/data/scoring/acc_maf_ingroup/25/chr18/chr18_25_acc_4044595_4044620.maf	[0.95454545 0.95454545 0.95454545 0.95454545 0.95454545 0.95454545	 0.95454545 1.80555556 0.95454545 0.95454545 0.95454545 0.95454545	 0.95454545 0.95454545 0.95454545 0.95454545 0.95454545 0.95454545	 0.95454545 0.95454545 0.95454545 0.95454545 0.95454545 0.95454545	 0.95454545 0.95454545 0.95454545 0.95454545 0.95454545 0.95454545	 0.95454545 0.95454545 0.95454545 0.95454545 0.95454545 0.95454545	 0.95454545 0.95454545 0.95454545 0.95454545 0.95454545 0.95454545	 0.95454545]	0.9743363871270849	43	18.0	0.0	0.0	0.0	0.0	0.0	0.0	0.0
/paula/2019/aves/data/scoring/acc_maf_ingroup/25/chr18/chr18_25_acc_6752058_6752083.maf	[0.95454545 0.95454545 0.95454545 0.95454545 0.95454545 0.95454545	 0.95454545 0.95238095 0.95454545 0.95454545 0.95454545 0.95454545	 0.95454545 0.95454545 0.95454545 1.44736842 1.44736842 1.44736842	 1.44736842 1.44736842 1.44736842 1.44736842 1.44736842 0.95454545	 0.95454545 0.95454545 0.95454545]	1.1004869075044512	27	2.0	0.0	0.0	0.0	0.0	0.0	0.0	0.0
/paula/2019/aves/data/scoring/acc_maf_ingroup/25/chr18/chr18_25_acc_6605605_6605630.maf	[0.95454545 0.95454545 0.95454545 0.95454545 0.95454545 0.95454545	 0.95454545 0.95454545 0.95454545 0.95454545 0.95454545 0.95454545	 0.95454545 0.95454545 0.95454545 0.95454545 0.95454545 0.95454545	 0.95454545 0.95454545 0.95454545 1.78409091 0.95454545 0.95454545	 0.95454545 0.95454545]	0.986451048951049	26	1.0	0.0	0.0	0.038461538461538464	0.027196416139613294	0.0	0.038461538461538464	0.027196416139613294
/paula/2019/aves/data/scoring/acc_maf_ingroup/25/chr18/chr18_25_acc_6094416_6094441.maf	[0.95454545 0.95454545 0.95454545 0.95454545 0.95454545 0.95454545	 0.95454545 0.95454545 0.95454545 1.44736842 0.95454545 0.95454545	 0.95454545 0.95454545 0.95454545 0.95454545 0.95454545 0.95454545	 0.95454545 0.95454545 0.95454545 0.95454545 0.95454545 0.95454545	 0.95454545]	0.9742583732057416	25	0.0	0.0	0.0	0.0	0.0	0.0	0.0	0.0
/paula/2019/aves/data/scoring/acc_maf_ingroup/25/chr18/chr18_25_acc_9605403_9605428.maf	[0.95238095 0.95238095 0.95238095 0.95238095 0.95238095 0.95238095	 0.95238095 0.95238095 0.95238095 0.95238095 0.95238095 0.95238095	 0.95238095 0.95238095 0.95238095 0.95238095 1.78021978 1.78021978	 0.95238095 0.95238095 1.78021978 1.78021978 1.78021978 0.95238095	 0.95238095 1.78021978 1.78021978 1.78021978 1.72307692]	1.2073260073260075	29	4.0	0.0	0.0	0.0	0.0	0.0	0.0	0.0
/paula/2019/aves/data/scoring/acc_maf_ingroup/25/chr18/chr18_25_acc_7032447_7032472.maf	[0.95454545 0.95454545 0.95454545 0.95454545 0.95454545 0.95454545	 0.95454545 0.95454545 0.95454545 0.95454545 0.95454545 0.95454545	 0.95454545 0.95454545 0.95454545 0.95454545 0.95454545 0.95454545	 0.95454545 0.95454545 1.79807692 0.95454545 0.95454545 0.95454545	 0.95454545]	0.9882867132867134	25	0.0	1.0	0.0	0.08	0.05656854219864771	0.0	0.08	0.05656854219864771
/paula/2019/aves/data/scoring/acc_maf_ingroup/25/chr18/chr18_25_acc_3964146_3964171.maf	[0.95238095 0.95238095 0.95238095 0.95238095 0.95238095 0.95238095	 0.95238095 1.76190476 0.95238095 0.95238095 0.95238095 0.95238095	 0.95238095 0.95238095 0.95238095 0.95238095 0.95238095 0.95238095	 0.95238095 0.95238095 0.95238095 0.95238095 0.95238095 0.95238095	 0.95238095 0.95238095 0.95238095]	0.9823633156966489	27	2.0	1.0	0.0	0.07407407407407407	0.05237828137455711	0.0	0.07407407407407407	0.05237828137455711
/paula/2019/aves/data/scoring/acc_maf_ingroup/25/chr18/chr18_25_acc_7620545_7620570.maf	[0.95454545 0.95454545 0.95454545 0.95454545 0.95454545 0.95454545	 0.95454545 0.95454545 0.95454545 0.95454545 0.95454545 0.95454545	 0.95454545 0.95454545 0.95454545 0.95454545 0.95454545 0.95454545	 0.95454545 1.78571429 0.95454545 0.95454545 0.95454545 0.95454545	 0.95454545 0.95454545]	0.9865134865134864	26	1.0	0.0	0.0	0.0	0.0	0.0	0.0	0.0
/paula/2019/aves/data/scoring/acc_maf_ingroup/25/chr18/chr18_25_acc_4035442_4035467.maf	[0.95454545 0.95       0.95454545 0.95454545 0.95454545 0.95454545	 0.95454545 0.95454545 0.95454545 0.95454545 0.95454545 0.95454545	 0.95454545 0.95454545 0.95454545 0.95454545 0.95454545 0.95454545	 0.95454545 0.95454545 0.95454545 0.95454545 0.95454545 0.95454545	 0.95454545]	0.9543636363636364	25	0.0	1.0	0.0	0.04	0.028284271099323854	0.0	0.04	0.028284271099323854
/paula/2019/aves/data/scoring/acc_maf_ingroup/25/chr18/chr18_25_acc_7664517_7664542.maf	[0.95454545 0.95454545 0.95454545 0.95454545 0.95454545 0.95454545	 0.95454545 0.95454545 0.95454545 0.95454545 0.95454545 0.95454545	 0.95454545 0.95454545 0.95454545 0.95454545 0.95454545 0.95454545	 0.95454545 0.95454545 0.95454545 0.95454545 1.44736842 0.95454545	 0.95454545 0.95454545]	0.9735001840264997	26	1.0	0.0	0.0	0.038461538461538464	0.027196416139613294	0.0	0.038461538461538464	0.027196416139613294
/paula/2019/aves/data/scoring/acc_maf_ingroup/25/chr18/chr18_25_acc_7032522_7032547.maf	[0.95454545 0.95454545 0.95454545 0.95454545 0.95454545 0.95454545	 0.95454545 0.95454545 0.95454545 0.95454545 0.95454545 1.76666667	 0.95454545 0.95454545 0.95454545 0.95454545 0.95454545 0.95454545	 0.95454545 0.95454545 0.95454545 0.95454545 0.95454545 0.95454545	 0.95454545]	0.9870303030303029	25	0.0	0.0	0.0	0.0	0.0	0.0	0.0	0.0
/paula/2019/aves/data/scoring/acc_maf_ingroup/25/chr18/chr18_25_acc_7629231_7629256.maf	[0.95238095 0.95238095 0.95238095 0.95238095 0.95238095 0.95238095	 0.95238095 0.95238095 0.95238095 0.95238095 0.95238095 0.95238095	 0.95238095 0.95238095 0.95238095 0.95238095 0.95238095 0.95238095	 0.95238095 0.95238095 0.95238095 0.95238095 0.95238095 0.95238095	 0.95238095 0.95238095 0.94736842 0.95238095 0.95238095 0.95238095	 0.95238095]	0.9522192578219741	31	6.0	0.0	0.0	0.0	0.0	0.0	0.0	0.0
/paula/2019/aves/data/scoring/acc_maf_ingroup/25/chr18/chr18_25_acc_3409352_3409377.maf	[0.95454545 0.95454545 0.95454545 0.95454545 0.95454545 0.95454545	 0.95454545 0.95454545 0.95454545 0.95454545 1.79807692 0.95454545	 0.95454545 0.95454545 0.95454545 0.95454545 0.95454545 0.95454545	 0.95454545 0.95454545 0.95454545 0.95454545 0.95454545 0.95454545	 0.95454545 0.95454545 0.95454545 0.95454545 0.95454545 0.95454545	 0.95454545 0.95454545 0.95454545 0.95454545 0.95454545 0.95454545	 0.95454545]	0.9773436023436022	37	12.0	0.0	0.0	0.0	0.0	0.0	0.0	0.0
/paula/2019/aves/data/scoring/acc_maf_ingroup/25/chr18/chr18_25_acc_8394322_8394347.maf	[0.95454545 0.95454545 0.95454545 0.95454545 0.95454545 0.95454545	 0.95454545 0.95454545 0.95454545 0.95454545 1.7375     0.95454545	 0.95454545 0.95454545 0.95454545 0.95454545 0.95454545 0.95454545	 0.95454545 0.95454545 0.95454545 0.95454545 0.95454545 0.95454545	 0.95454545]	0.9858636363636364	25	0.0	0.0	0.0	0.0	0.0	0.0	0.0	0.0
/paula/2019/aves/data/scoring/acc_maf_ingroup/25/chr18/chr18_25_acc_7625618_7625643.maf	[0.95       0.95       0.95       1.44117647 0.95       0.95	 0.95       0.95       0.95       0.95       0.95       0.95	 0.95       0.95       0.95       0.95       0.95       0.95	 0.95       0.95       0.95       0.95       0.95       0.95	 0.95       0.95       0.95       0.95       0.95       0.95	 0.95       0.95      ]	0.9653492647058823	32	7.0	0.0	0.0	0.0	0.0	0.0	0.0	0.0
/paula/2019/aves/data/scoring/acc_maf_ingroup/25/chr18/chr18_25_acc_2923637_2923662.maf	[0.95454545 0.95454545 0.95454545 0.95454545 0.95454545 0.95454545	 0.95454545 0.95454545 0.95454545 0.95454545 0.95454545 0.95454545	 0.95454545 0.95454545 0.95454545 0.95454545 0.95454545 1.69117647	 0.95454545 0.95454545 0.95454545 0.95454545 0.95454545 0.95454545	 0.95454545]	0.9840106951871658	25	0.0	1.0	0.0	0.04	0.028284271099323854	0.0	0.04	0.028284271099323854
/paula/2019/aves/data/scoring/acc_maf_ingroup/25/chr18/chr18_25_acc_4773759_4773784.maf	[0.95454545 0.95454545 0.95454545 0.95454545 0.95454545 0.95454545	 0.95454545 1.80555556 0.95454545 0.95454545 0.95454545 0.95454545	 0.95454545 0.95454545 0.95454545 0.95454545 0.95454545 0.95454545	 0.95454545 0.95454545 0.95454545 0.95454545 0.95454545 0.95454545	 0.95454545 0.95454545 0.95454545 0.95454545]	0.9849386724386723	28	3.0	0.0	0.0	0.0	0.0	0.0	0.0	0.0
/paula/2019/aves/data/scoring/acc_maf_ingroup/25/chr18/chr18_25_acc_757967_757992.maf	[0.95454545 0.95454545 0.95454545 0.95454545 0.95454545 0.95454545	 0.95454545 0.95454545 0.95454545 0.95454545 0.95454545 0.95	 0.95454545 0.95454545 0.95454545 0.95454545 0.95454545 0.95454545	 0.95454545 0.95454545 0.95454545 0.95454545 0.95454545 0.95454545	 0.95454545 0.95454545]	0.9543706293706293	26	1.0	0.0	0.0	0.0	0.0	0.0	0.0	0.0
/paula/2019/aves/data/scoring/acc_maf_ingroup/25/chr18/chr18_25_acc_7675177_7675202.maf	[0.95454545 0.95454545 0.95454545 0.95454545 0.95454545 0.95454545	 0.95454545 0.95454545 0.95454545 0.95454545 0.95454545 0.95454545	 1.80909091 0.95454545 0.95454545 0.95454545 0.95454545 0.95	 0.95454545 0.95454545 0.95454545 0.95454545 0.95454545 0.95454545	 0.95454545 0.95454545 0.95454545 0.95454545 0.95454545]	0.9838557993730405	29	4.0	0.0	0.0	0.0	0.0	0.0	0.0	0.0
/paula/2019/aves/data/scoring/acc_maf_ingroup/25/chr18/chr18_25_acc_9605378_9605403.maf	[0.95454545 0.95454545 1.7375     1.7375     1.7375     1.7375	 1.7375     1.7375     1.7375     1.7375     1.9375     1.7375	 1.7375     0.95454545 1.7375     1.7375     1.7375     0.95454545	 0.95454545 0.95454545 1.7375     1.7375     1.7375     1.7375	 1.7375     1.7375     1.7375     1.7375     1.7375    ]	1.5824059561128523	29	4.0	0.0	0.0	0.034482758620689655	0.024382992781171956	0.0	0.034482758620689655	0.024382992781171956
/paula/2019/aves/data/scoring/acc_maf_ingroup/25/chr18/chr18_25_acc_6885934_6885959.maf	[0.95454545 0.95454545 0.95454545 0.95454545 0.95454545 1.44736842	 0.95454545 0.95454545 0.95454545 0.95454545 0.95454545 0.95454545	 0.95454545 0.95454545 0.95454545 0.95454545 0.95454545 0.95454545	 0.95454545 0.95454545 0.95454545 0.94736842 1.80909091 0.95454545	 0.95454545 0.95454545 0.95454545 0.95454545]	1.0024094326725905	28	3.0	0.0	0.03571428571428571	0.03571428571428571	0.0	0.03571428571428571	0.03571428571428571	0.0
/paula/2019/aves/data/scoring/acc_maf_ingroup/25/chr18/chr18_25_acc_758017_758042.maf	[0.95454545 0.95454545 0.95454545 0.95454545 0.95454545 0.95454545	 0.95454545 0.95454545 0.95454545 0.95454545 0.95454545 0.95	 0.95454545 0.95454545 0.95454545 0.95454545 0.95454545 0.95454545	 0.95454545 0.95454545 0.95454545 0.95454545 0.95454545 0.95454545	 0.95454545]	0.9543636363636364	25	0.0	0.0	0.0	0.0	0.0	0.0	0.0	0.0
/paula/2019/aves/data/scoring/acc_maf_ingroup/25/chr18/chr18_25_acc_10079040_10079065.maf	[0.95454545 0.95454545 0.95454545 0.95454545 0.95454545 0.95454545	 0.95454545 0.95454545 0.95454545 0.95454545 0.95454545 0.95454545	 0.95454545 0.95454545 0.95454545 0.95454545 0.95454545 0.95454545	 0.95454545 0.95454545 0.95454545 0.95454545 0.95454545 0.95454545	 0.95454545 0.95454545 0.95454545 0.95454545 0.95454545 0.95454545	 0.95454545 0.95454545 0.95454545 0.95454545 0.95454545 0.95454545	 0.95454545 0.95454545 0.95454545 0.95454545 0.95454545 0.95454545	 0.95454545 0.95454545 0.95454545 0.95454545 0.95454545 0.95454545	 0.95454545 0.95454545 0.95454545 0.95454545 0.95454545 0.95	 0.95454545 0.95454545]	0.954464285714286	56	31.0	0.0	0.0	0.0	0.0	0.0	0.0	0.0
/paula/2019/aves/data/scoring/acc_maf_ingroup/25/chr18/chr18_25_acc_6065729_6065754.maf	[0.95454545 0.95454545 0.95454545 0.95454545 0.95454545 0.95454545	 0.95454545 0.95454545 0.95454545 0.95454545 0.95454545 0.95454545	 0.95454545 0.95454545 0.95454545 0.95454545 0.95454545 0.95454545	 0.95454545 0.95454545 0.95454545 0.95454545 0.95454545 0.95454545	 1.61111111 0.95454545 0.95454545 0.95454545 0.95454545]	0.9771856495994425	29	4.0	0.0	0.0	0.034482758620689655	0.024382992781171956	0.0	0.034482758620689655	0.024382992781171956
/paula/2019/aves/data/scoring/acc_maf_ingroup/25/chr18/chr18_25_acc_7001691_7001716.maf	[0.95454545 0.95454545 0.95454545 0.95454545 0.95454545 0.95454545	 0.95454545 0.95454545 0.95454545 0.95454545 0.95454545 2.3452381	 0.95454545 0.95454545 0.95454545 0.95454545 0.95454545 0.95454545	 0.95454545 0.95454545 0.95454545 0.95454545 0.95454545 0.95454545	 0.95454545]	1.01017316017316	25	0.0	0.0	0.04	0.0	-0.028284271099323854	0.04	0.0	-0.028284271099323854
/paula/2019/aves/data/scoring/acc_maf_ingroup/25/chr18/chr18_25_acc_2663731_2663756.maf	[0.95454545 0.95454545 0.95454545 0.95454545 0.95454545 0.95	 0.95454545 0.95454545 0.95454545 0.95454545 0.95454545 0.95454545	 0.95454545 0.95454545 0.95454545 0.95454545 0.95454545 0.95454545	 0.95454545 0.95454545 0.95454545 0.95454545 0.95454545 0.95454545	 0.95454545]	0.9543636363636364	25	0.0	0.0	0.0	0.0	0.0	0.0	0.0	0.0
/paula/2019/aves/data/scoring/acc_maf_ingroup/25/chr18/chr18_25_acc_7525088_7525113.maf	[0.95454545 0.95454545 0.95454545 0.95454545 0.95454545 0.95454545	 1.76666667 0.95454545 0.95454545 0.95454545 0.95454545 0.95454545	 0.95454545 0.95454545 0.95454545 0.95454545 0.95454545 0.95454545	 0.95454545 0.95454545 0.95454545 0.95454545 0.95454545 0.95454545	 0.95454545]	0.9870303030303029	25	0.0	0.0	0.0	0.0	0.0	0.0	0.0	0.0
/paula/2019/aves/data/scoring/acc_maf_ingroup/25/chr18/chr18_25_acc_3409756_3409781.maf	[0.95238095 0.95454545 0.95454545 0.95454545 0.95454545 0.95454545	 0.95454545 0.95454545 0.95454545 0.95454545 0.95454545 0.95454545	 0.95454545 0.95454545 0.95454545 0.95454545 0.95454545 0.95454545	 0.95454545 0.95454545 0.95454545 0.95454545 0.95454545 0.95454545	 0.95454545 0.95454545 0.95454545 0.95454545 0.95454545 0.95454545	 0.95454545 0.95454545 0.95454545]	0.9544798635707726	33	8.0	0.0	0.030303030303030304	0.030303030303030304	0.0	0.030303030303030304	0.030303030303030304	0.0
/paula/2019/aves/data/scoring/acc_maf_ingroup/25/chr18/chr18_25_acc_3966110_3966135.maf	[0.95238095 0.95238095 0.95238095 0.95238095 0.95238095 0.95238095	 1.7979798  0.95238095 0.95238095 0.95238095 0.95238095 0.95238095	 0.95238095 0.95238095 0.95238095 0.95238095 0.95238095 0.95238095	 0.95238095 0.95238095 0.95238095 0.95238095 0.95238095 0.95238095	 0.95238095]	0.9862049062049061	25	0.0	1.0	0.0	0.04	0.028284271099323854	0.0	0.04	0.028284271099323854
/paula/2019/aves/data/scoring/acc_maf_ingroup/25/chr18/chr18_25_acc_7631746_7631771.maf	[0.95454545 0.95454545 0.95454545 0.95454545 0.95454545 0.95454545	 0.95454545 0.95454545 0.95454545 0.95454545 0.95454545 0.95454545	 0.95454545 0.95454545 0.95454545 0.95454545 0.95454545 0.95454545	 0.95454545 1.7375     0.95454545 0.95454545 0.95454545 0.95454545	 0.95454545 0.95454545 0.95454545 0.95454545 0.95454545 0.95454545	 0.95454545 0.95454545 0.95454545 0.95454545 0.95454545]	0.9769155844155843	35	10.0	1.0	0.0	0.02857142857142857	0.020203051349698055	0.0	0.02857142857142857	0.020203051349698055
/paula/2019/aves/data/scoring/acc_maf_ingroup/25/chr18/chr18_25_acc_4244410_4244435.maf	[0.95454545 0.95454545 0.95454545 0.95454545 0.95454545 0.95454545	 0.95454545 0.95454545 0.95454545 2.3452381  0.95454545 0.95454545	 0.95454545 0.95454545 0.95454545 0.95454545 0.95454545 0.95454545	 0.95454545 0.95454545 0.95454545 0.95454545 0.95454545 0.95454545	 0.95454545]	1.01017316017316	25	0.0	0.0	0.04	0.0	-0.028284271099323854	0.04	0.0	-0.028284271099323854
/paula/2019/aves/data/scoring/acc_maf_ingroup/25/chr18/chr18_25_acc_7525483_7525508.maf	[0.95454545 0.95454545 0.95454545 0.95454545 0.95454545 0.95454545	 0.95454545 0.95454545 0.95454545 0.95454545 0.95454545 0.95454545	 0.95454545 0.95454545 0.95454545 0.95454545 0.95454545 0.95454545	 0.95454545 0.95454545 0.95454545 0.95454545 0.95454545 0.95454545	 1.73333333]	0.9856969696969697	25	0.0	0.0	0.0	0.0	0.0	0.0	0.0	0.0
/paula/2019/aves/data/scoring/acc_maf_ingroup/25/chr18/chr18_25_acc_6065579_6065604.maf	[0.95       0.95454545 0.95454545 0.95454545 0.95454545 0.95454545	 0.95454545 0.95454545 0.95454545 0.95454545 0.95454545 0.95454545	 0.95454545 0.95454545 0.95454545 0.95454545 0.95454545 0.95454545	 0.95454545 0.95454545 0.95454545 0.95454545 0.95454545 0.95454545	 0.95454545]	0.9543636363636364	25	0.0	0.0	0.0	0.04	0.028284271099323854	0.0	0.04	0.028284271099323854
/paula/2019/aves/data/scoring/acc_maf_ingroup/25/chr18/chr18_25_acc_3936668_3936693.maf	[0.95454545 0.95454545 0.95454545 0.95454545 0.95454545 0.95454545	 0.95454545 0.95454545 0.95454545 0.95454545 0.95454545 0.95454545	 0.95454545 1.80555556 0.95454545 0.95454545 0.95454545 0.95454545	 0.95454545 0.95454545 0.95454545 0.95454545 0.95454545 0.95454545	 0.95454545]	0.9885858585858586	25	0.0	0.0	0.0	0.0	0.0	0.0	0.0	0.0
/paula/2019/aves/data/scoring/acc_maf_ingroup/25/chr18/chr18_25_acc_8789498_8789523.maf	[0.95       0.95       0.95       0.95       0.95       0.95	 0.95       0.95       0.95       0.95       0.95       0.95	 0.95       0.95       0.95       0.95       0.95       0.95	 0.95       0.95       0.95       0.95       1.72857143 0.95	 0.95      ]	0.981142857142857	25	0.0	0.0	0.0	0.0	0.0	0.0	0.0	0.0
/paula/2019/aves/data/scoring/acc_maf_ingroup/25/chr18/chr18_25_acc_7711589_7711614.maf	[0.95454545 0.95454545 0.95454545 0.95454545 0.95454545 0.95454545	 0.95454545 0.95454545 0.95454545 0.95454545 0.95454545 0.95454545	 0.95454545 0.95454545 0.95454545 0.95454545 0.95454545 0.95454545	 0.95454545 0.95454545 0.95454545 0.95454545 0.95454545 0.95454545	 0.95454545 0.95454545 0.95454545 0.95454545 0.95454545 0.95454545	 0.95454545 0.95454545 0.95454545 0.95454545 0.95454545 0.95454545	 0.95       0.95454545 0.95454545 0.95454545 0.95454545 1.76666667	 0.95454545 0.95454545 0.95454545 0.95454545 0.95454545 0.95454545	 0.95454545 0.95454545 0.95454545 0.95454545 0.95454545 0.95454545	 0.95454545 0.95454545 0.95454545 0.95454545 0.95454545 0.95454545	 0.95454545 0.95454545 0.95454545 0.95454545 0.95454545 0.95454545	 0.95454545 0.95454545 0.95454545 0.95454545 0.95454545]	0.9659197609901835	71	46.0	0.0	0.0	0.0	0.0	0.0	0.0	0.0
/paula/2019/aves/data/scoring/acc_maf_ingroup/25/chr18/chr18_25_acc_7237776_7237801.maf	[0.95454545 0.95454545 0.95454545 0.95454545 0.95454545 0.95454545	 1.79807692 0.95454545 0.95454545 0.95454545 0.95454545 0.95454545	 0.95454545 0.95454545 0.95454545 0.95454545 0.95454545 0.95454545	 0.95454545 0.95454545 0.95454545 0.95454545 0.95454545 0.95454545	 0.95454545]	0.9882867132867134	25	0.0	2.0	0.0	0.16	0.11313708439729542	0.0	0.16	0.11313708439729542
/paula/2019/aves/data/scoring/acc_maf_ingroup/25/chr18/chr18_25_acc_6206091_6206116.maf	[0.95454545 0.95454545 0.95454545 0.95454545 0.95454545 0.95454545	 0.95454545 0.95454545 0.95454545 0.95454545 0.95454545 0.95454545	 0.95454545 0.95454545 0.95454545 0.95454545 0.95454545 0.95454545	 0.95454545 0.95454545 0.95454545 0.95454545 0.95454545 0.95454545	 0.95238095]	0.9544588744588745	25	0.0	0.0	0.04	0.08	0.028284271099323854	0.04	0.08	0.028284271099323854
/paula/2019/aves/data/scoring/acc_maf_ingroup/25/chr18/chr18_25_acc_4519205_4519230.maf	[0.95454545 0.95454545 0.95454545 0.95454545 0.95454545 0.95454545	 0.95454545 0.95454545 0.95454545 0.95454545 0.95454545 0.95454545	 0.95454545 0.95454545 0.95454545 0.95454545 0.95454545 0.95454545	 0.95454545 0.95454545 0.95454545 0.95454545 0.95454545 0.95454545	 1.79807692]	0.9882867132867134	25	0.0	0.0	0.0	0.0	0.0	0.0	0.0	0.0
/paula/2019/aves/data/scoring/acc_maf_ingroup/25/chr18/chr18_25_acc_6888373_6888398.maf	[0.95454545 0.95454545 0.95454545 1.44736842 0.95454545 0.95454545	 0.95454545 0.95454545 0.95454545 0.95454545 0.95454545 0.95454545	 0.95454545 0.95454545 0.95454545 0.95454545 0.95454545 0.95454545	 0.95454545 0.95454545 0.95454545 0.95454545 0.95454545 0.95454545	 0.95454545]	0.9742583732057416	25	0.0	0.0	0.0	0.0	0.0	0.0	0.0	0.0
/paula/2019/aves/data/scoring/acc_maf_ingroup/25/chr18/chr18_25_acc_6887538_6887563.maf	[0.95454545 0.95454545 0.95454545 0.95454545 0.95454545 0.95454545	 0.95454545 0.95454545 0.95454545 0.95454545 0.95454545 0.95454545	 0.95454545 0.95454545 0.95454545 0.95454545 0.95454545 2.3452381	 0.95454545 0.95454545 0.95454545 0.95454545 0.95454545 0.95454545	 0.95454545 0.95454545 0.95454545]	1.0060525893859225	27	2.0	0.0	0.037037037037037035	0.037037037037037035	0.0	0.037037037037037035	0.037037037037037035	0.0
/paula/2019/aves/data/scoring/acc_maf_ingroup/25/chr18/chr18_25_acc_2981006_2981031.maf	[0.95454545 0.95454545 0.95454545 0.95454545 0.95454545 0.95454545	 0.95454545 0.95454545 0.95454545 1.80555556 0.95454545 0.95454545	 0.95454545 0.95454545 0.95454545 0.95454545 0.95454545 0.95454545	 0.95454545 0.95454545 0.95454545 0.95454545 0.95454545 0.95454545	 0.95454545]	0.9885858585858586	25	0.0	0.0	0.0	0.0	0.0	0.0	0.0	0.0
/paula/2019/aves/data/scoring/acc_maf_ingroup/25/chr18/chr18_25_acc_6154789_6154814.maf	[0.95       0.95       0.95       0.94444444 0.95       0.95	 0.95       0.95       0.95454545 0.95454545 0.95454545 0.95454545	 0.95454545 0.95454545 0.95454545 0.95454545 0.95454545 0.95454545	 0.95454545 0.95454545 0.95454545 0.95454545 0.95454545 0.95454545	 0.95454545 0.95454545]	0.9529331779331779	26	1.0	2.0	0.038461538461538464	0.15384615384615385	0.08158925105301795	0.038461538461538464	0.15384615384615385	0.08158925105301795
/paula/2019/aves/data/scoring/acc_maf_ingroup/25/chr18/chr18_25_acc_1261502_1261527.maf	[0.95454545 0.95454545 1.44736842 0.95454545 0.95454545 0.95454545	 0.95454545 0.95454545 0.95454545 0.95454545 0.95454545 0.95454545	 0.95454545 0.95454545 0.95454545 0.95454545 0.95454545 0.95454545	 0.95454545 0.95454545 0.95454545 0.95454545 0.95454545 0.95454545	 0.95454545]	0.9742583732057416	25	0.0	0.0	0.0	0.0	0.0	0.0	0.0	0.0
/paula/2019/aves/data/scoring/acc_maf_ingroup/25/chr18/chr18_25_acc_10118679_10118704.maf	[0.95454545 0.95454545 0.95454545 0.95454545 0.95454545 0.95454545	 0.95454545 0.95454545 0.95454545 0.95454545 0.95454545 0.95454545	 0.95454545 0.95454545 0.95454545 0.95454545 0.95454545 0.95454545	 0.95454545 0.95454545 0.95454545 0.95454545 0.95454545 0.95454545	 0.95238095 0.95454545 0.95238095 0.95454545 0.95454545 0.95454545	 0.95454545 0.95454545 0.95454545 0.95454545]	0.9544181308887192	34	9.0	0.0	0.058823529411764705	0.058823529411764705	0.0	0.058823529411764705	0.058823529411764705	0.0
/paula/2019/aves/data/scoring/acc_maf_ingroup/25/chr18/chr18_25_acc_10674311_10674336.maf	[0.95454545 0.95454545 0.95454545 0.95454545 0.95454545 0.95454545	 0.95454545 0.95454545 0.95454545 0.95454545 0.95454545 0.95454545	 2.3452381  0.95454545 0.95454545 0.95454545 0.95454545 0.95454545	 0.95454545 0.95454545 0.95454545 0.95454545 0.95454545 0.95454545	 0.95454545 0.95454545 0.95454545 0.95454545 0.95454545 0.95454545	 0.95454545 0.95454545 0.95454545 0.95454545 0.95454545 0.95454545	 0.95454545 0.95454545 0.95454545 0.95454545 0.95454545 0.95454545	 0.95454545 0.95454545 0.95454545 0.95454545 0.95454545 0.95454545	 0.95454545 0.95454545 0.95454545 0.95454545 0.95454545 0.95454545	 0.95454545 0.95454545 0.95454545 0.95454545]	0.9785229138677416	58	33.0	1.0	0.017241379310344827	0.017241379310344827	0.0	0.017241379310344827	0.017241379310344827	0.0
/paula/2019/aves/data/scoring/acc_maf_ingroup/25/chr18/chr18_25_acc_3765096_3765121.maf	[0.95238095 0.95238095 1.76190476 0.95238095 0.95238095 0.95238095	 0.95238095 0.95238095 0.95238095 0.95238095 0.95238095 0.95238095	 0.95238095 0.95238095 0.95238095 0.95238095 0.95238095 0.95238095	 0.95238095 0.95238095 0.95238095 0.95238095 0.95238095 0.95238095	 0.95238095 0.95238095 0.95238095 0.95238095 0.95238095 0.95238095	 0.95238095 0.95238095 0.95238095 0.95238095 0.95238095 0.95238095	 0.95238095 0.95238095 0.95238095 0.95238095 0.95238095 0.95238095	 0.95238095 0.95238095 0.95238095 0.95238095 0.95238095 0.95238095	 0.95238095 0.95238095 0.95238095 0.95238095 0.95238095 0.95238095	 0.95238095 0.95238095 0.95238095 0.95238095 0.95238095 0.95238095	 0.95238095 0.95238095 0.95238095 0.95238095 0.95238095 0.95238095	 0.95238095 0.95238095 0.95238095 0.95238095]	0.9639455782312922	70	45.0	0.0	0.0	0.0	0.0	0.0	0.0	0.0
/paula/2019/aves/data/scoring/acc_maf_ingroup/25/chr18/chr18_25_acc_6181350_6181375.maf	[0.95454545 0.95454545 0.95454545 0.95454545 0.95454545 0.95454545	 0.95454545 0.95454545 0.95454545 0.95454545 0.95454545 0.95454545	 0.95454545 0.95454545 0.95454545 0.95454545 0.95454545 0.95454545	 0.95454545 0.95454545 0.95454545 0.95454545 0.95454545 0.95454545	 0.95454545 0.95454545 0.95454545 1.76666667 0.95454545]	0.9825496342737721	29	4.0	1.0	0.0	0.034482758620689655	0.024382992781171956	0.0	0.034482758620689655	0.024382992781171956
/paula/2019/aves/data/scoring/acc_maf_ingroup/25/chr18/chr18_25_acc_10601280_10601305.maf	[0.95454545 0.95454545 0.95454545 0.95454545 0.95454545 0.95454545	 0.95454545 0.95454545 0.95454545 0.95454545 0.95454545 0.95454545	 0.95454545 0.95454545 0.95454545 0.95454545 0.95454545 0.95454545	 0.95454545 0.95454545 0.95454545 0.95454545 0.95454545 0.95454545	 1.80909091]	0.9887272727272728	25	0.0	0.0	0.0	0.0	0.0	0.0	0.0	0.0
/paula/2019/aves/data/scoring/acc_maf_ingroup/25/chr18/chr18_25_acc_6065754_6065779.maf	[0.95454545 0.95454545 0.95454545 0.95454545 0.95454545 0.95454545	 0.95238095 0.95454545 0.95454545 0.95454545 0.95454545 0.95454545	 0.95454545 0.95454545 0.95454545 0.95454545 0.95454545 0.95454545	 0.95454545 0.95454545 0.95454545 0.95454545 0.95454545 0.95454545	 0.95454545]	0.9544588744588745	25	0.0	0.0	0.04	0.04	0.0	0.04	0.04	0.0
/paula/2019/aves/data/scoring/acc_maf_ingroup/25/chr18/chr18_25_acc_6997204_6997229.maf	[0.95454545 0.95454545 0.95454545 0.95454545 0.95454545 0.95454545	 0.95454545 0.95454545 0.95454545 0.95454545 0.95454545 0.95454545	 0.95454545 0.95       0.95454545 0.95454545 0.95454545 0.95454545	 0.95454545 0.95454545 0.95454545 0.95454545 0.95454545 0.95454545	 0.95454545 0.95454545]	0.9543706293706293	26	1.0	0.0	0.0	0.15384615384615385	0.10878566455845318	0.0	0.15384615384615385	0.10878566455845318
/paula/2019/aves/data/scoring/acc_maf_ingroup/25/chr18/chr18_25_acc_3966034_3966059.maf	[0.95238095 0.95238095 1.44444444 0.95238095 0.95238095 0.95238095	 0.95238095 0.95238095 0.95238095 0.95238095 0.95238095 0.95238095	 0.95238095 0.95238095 0.95238095 0.95238095 0.95238095 0.95238095	 0.95238095 0.95238095 0.95238095 0.95238095 0.95238095 0.95238095	 0.95238095]	0.9720634920634921	25	0.0	0.0	0.0	0.0	0.0	0.0	0.0	0.0
/paula/2019/aves/data/scoring/acc_maf_ingroup/25/chr18/chr18_25_acc_8520050_8520075.maf	[0.95454545 0.95454545 0.95454545 2.3452381  0.95454545 0.95454545	 0.95454545 0.95454545 0.95454545 0.95454545 0.95454545 0.95454545	 0.95454545 0.95454545 0.95454545 0.95454545 0.95454545 0.95454545	 0.95454545 0.95454545 0.95454545 0.95454545 0.95454545 0.95454545	 0.95454545 0.95454545]	1.0080336330336328	26	1.0	0.0	0.038461538461538464	0.038461538461538464	0.0	0.038461538461538464	0.038461538461538464	0.0
/paula/2019/aves/data/scoring/acc_maf_ingroup/25/chr18/chr18_25_acc_7042645_7042670.maf	[0.95454545 0.95454545 0.95454545 0.95454545 0.95454545 0.95454545	 0.95454545 0.95454545 0.95454545 0.95454545 0.95454545 0.95454545	 0.95454545 0.95454545 0.95454545 0.95454545 0.95454545 0.95454545	 0.95454545 0.95454545 0.95454545 0.95454545 0.95454545 0.95454545	 0.95454545 2.42380952 3.07380952 2.42380952 0.95454545 0.95454545	 0.95454545 2.42380952 0.95454545 0.95454545 0.95454545 0.95454545	 0.95454545 0.95454545 0.95454545 0.95454545 0.95454545 0.95454545	 0.95454545 2.42380952 2.42380952]	1.1648917748917749	45	20.0	0.0	0.0	0.06666666666666667	0.04714045534444386	0.0	0.06666666666666667	0.04714045534444386
/paula/2019/aves/data/scoring/acc_maf_ingroup/25/chr18/chr18_25_acc_10359613_10359638.maf	[0.95454545 0.95454545 0.95454545 0.95454545 0.95454545 0.95454545	 0.95454545 0.95454545 0.95454545 0.95454545 0.95454545 0.95454545	 0.95454545 0.95454545 0.95454545 0.95454545 0.95454545 0.95454545	 0.95454545 0.95454545 0.95454545 0.95454545 0.95454545 0.95454545	 1.80555556 0.95454545 0.95454545 0.95454545 0.95454545]	0.9838906304423544	29	4.0	0.0	0.0	0.034482758620689655	0.024382992781171956	0.0	0.034482758620689655	0.024382992781171956
/paula/2019/aves/data/scoring/acc_maf_ingroup/25/chr18/chr18_25_acc_7620370_7620395.maf	[0.95454545 0.95454545 0.95454545 0.95454545 0.95454545 0.95454545	 0.95454545 0.95454545 0.95454545 0.95454545 0.95454545 0.95454545	 0.95454545 0.95454545 0.95454545 0.95454545 0.95454545 0.95454545	 0.95454545 0.95454545 0.95454545 0.95454545 0.95454545 0.95454545	 0.95454545 0.95454545 0.95454545 0.95454545 0.95454545 0.95454545	 0.95454545 1.7375     0.95454545 0.95454545 0.95454545 0.95454545	 0.95454545 0.95454545 0.95454545 0.95454545 0.95454545 0.95454545	 0.95454545]	0.9727536997885835	43	18.0	0.0	0.0	0.0	0.0	0.0	0.0	0.0
/paula/2019/aves/data/scoring/acc_maf_ingroup/25/chr18/chr18_25_acc_6742181_6742206.maf	[0.95454545 0.95454545 0.95454545 0.95454545 0.95454545 0.95454545	 0.95454545 0.95454545 0.95454545 0.95454545 0.95454545 0.95454545	 0.95454545 0.95454545 0.95454545 0.95454545 0.95454545 0.95454545	 0.95454545 0.95454545 0.95454545 0.95454545 0.95454545 1.44736842	 0.95454545]	0.9742583732057416	25	0.0	0.0	0.0	0.0	0.0	0.0	0.0	0.0
/paula/2019/aves/data/scoring/acc_maf_ingroup/25/chr18/chr18_25_acc_6747940_6747965.maf	[0.95454545 0.95454545 0.95454545 0.95454545 0.95454545 0.95454545	 0.95454545 0.95454545 0.95454545 0.95454545 1.79807692 0.95454545	 0.95454545 0.95454545 0.95454545 0.95454545 0.95454545 0.95454545	 0.95454545 0.95454545 0.95454545 0.95454545 0.95454545 0.95454545	 0.95454545 0.95454545 0.95454545]	0.9857873607873607	27	2.0	0.0	0.0	0.0	0.0	0.0	0.0	0.0
/paula/2019/aves/data/scoring/acc_maf_ingroup/25/chr18/chr18_25_acc_3857941_3857966.maf	[0.95454545 0.95454545 0.95454545 0.95238095 0.95454545 0.95454545	 0.95454545 0.95454545 0.95454545 0.95454545 0.95454545 0.95454545	 0.95454545 0.95454545 0.95454545 0.95454545 0.95454545 0.95454545	 0.95454545 0.95454545 0.95454545 0.95454545 0.95454545 0.95454545	 0.95454545 0.95454545]	0.9544622044622044	26	1.0	0.0	0.0	0.0	0.0	0.0	0.0	0.0
/paula/2019/aves/data/scoring/acc_maf_ingroup/25/chr18/chr18_25_acc_7629081_7629106.maf	[0.95238095 0.95238095 0.95238095 0.95238095 0.95238095 0.95238095	 0.95238095 0.95238095 0.95238095 0.95238095 0.95238095 0.95238095	 0.95238095 0.95238095 0.95238095 0.95238095 0.95238095 0.94736842	 0.95238095 0.95238095 0.95238095 0.95238095 0.95238095 0.95238095	 0.95238095]	0.9521804511278195	25	0.0	2.0	0.0	0.08	0.05656854219864771	0.0	0.08	0.05656854219864771
/paula/2019/aves/data/scoring/acc_maf_ingroup/25/chr18/chr18_25_acc_6226045_6226070.maf	[0.95454545 0.95454545 0.95454545 1.76666667 0.95454545 0.95454545	 0.95454545 0.95454545 0.95454545 0.95454545 0.95454545 0.95454545	 0.95454545 0.95454545 0.95454545 0.95454545 0.95454545 0.95454545	 0.95454545 0.95454545 0.95454545 0.95454545 0.95454545 0.95454545	 0.95454545]	0.9870303030303029	25	0.0	1.0	0.0	0.04	0.028284271099323854	0.0	0.04	0.028284271099323854
/paula/2019/aves/data/scoring/acc_maf_ingroup/25/chr18/chr18_25_acc_4342536_4342561.maf	[1.44736842 1.44736842 1.44736842 1.44736842 1.44736842 1.44736842	 1.44736842 1.44736842 1.44736842 1.44736842 1.44736842 1.44736842	 1.44736842 1.44736842 0.95454545 0.95454545 0.95454545 0.95454545	 0.95454545 0.95454545 1.44736842 1.44736842 1.44736842 1.44736842	 2.25       1.44736842 0.95454545 0.95454545 0.95454545 0.95454545	 0.95454545 0.95454545 0.95454545 0.95454545 0.95454545 0.95454545	 0.95454545]	1.2426289926289924	37	12.0	0.0	0.0	0.0	0.0	0.0	0.0	0.0
/paula/2019/aves/data/scoring/acc_maf_ingroup/25/chr18/chr18_25_acc_1032479_1032504.maf	[1.76190476 0.95238095 0.95238095 0.95238095 0.95238095 0.95238095	 0.95238095 0.95238095 0.95238095 0.95238095 0.95238095 0.95238095	 0.95238095 0.95238095 0.95238095 0.95238095 0.95238095 0.95238095	 0.95238095 0.95238095 0.95238095 0.95238095 0.95238095 0.95238095	 0.95238095]	0.9847619047619047	25	0.0	0.0	0.0	0.0	0.0	0.0	0.0	0.0
/paula/2019/aves/data/scoring/acc_maf_ingroup/25/chr18/chr18_25_acc_9739026_9739051.maf	[0.94117647 0.94117647 0.94117647 0.94117647 0.94117647 0.94117647	 0.94117647 0.94117647 0.94117647 0.94117647 0.94117647 0.94117647	 0.94117647 0.94117647 0.94117647 0.94117647 0.94117647 0.94117647	 0.94117647 0.94117647 0.94117647 0.94117647 0.94117647 0.94117647	 0.94117647 0.94117647 0.94117647 0.94117647 0.94117647 0.94117647	 0.94117647 0.94117647 0.94117647 0.94117647 0.94117647 0.94117647	 0.94117647 0.94117647 0.94117647 0.94117647 0.94117647 0.94117647	 0.94117647 0.94117647 0.94117647 0.94117647 0.94117647 0.94117647	 0.94117647 0.94117647 0.94117647 0.94117647 0.94117647 0.94117647	 0.94117647 0.94117647 0.94117647 0.94117647 0.94117647 0.9375	 0.94117647 0.94117647 0.94117647 0.94117647 0.94117647 0.94117647	 0.94117647]	0.9411215978928884	67	42.0	0.0	0.014925373134328358	0.014925373134328358	0.0	0.014925373134328358	0.014925373134328358	0.0
/paula/2019/aves/data/scoring/acc_maf_ingroup/25/chr18/chr18_25_acc_9670729_9670754.maf	[0.94444444 0.94444444 0.94444444 0.94444444 0.94444444 0.94444444	 0.94444444 0.94444444 0.94444444 0.94444444 0.94444444 0.94444444	 0.94444444 0.94444444 0.94444444 1.43333333 0.94444444 0.94444444	 0.94444444 0.94444444 0.94444444 0.94444444 1.43333333 0.94444444	 0.94444444]	0.9835555555555554	25	0.0	0.0	0.0	0.04	0.028284271099323854	0.0	0.04	0.028284271099323854
/paula/2019/aves/data/scoring/acc_maf_ingroup/25/chr18/chr18_25_acc_6115935_6115960.maf	[0.95454545 0.95454545 0.95454545 0.95454545 0.95454545 0.95454545	 0.95454545 0.95454545 0.95454545 0.95454545 0.95454545 0.95454545	 0.95454545 0.95454545 0.95454545 0.95454545 0.95454545 0.95454545	 0.95454545 0.95454545 1.79807692 1.79807692 1.79807692 1.79166667	 1.79807692 0.95454545 0.95454545 0.95454545 0.95454545 0.95454545	 0.95454545 0.95454545 0.95454545 0.95454545 0.95454545 0.95454545	 0.95454545]	1.0683629433629431	37	12.0	0.0	0.0	0.0	0.0	0.0	0.0	0.0
/paula/2019/aves/data/scoring/acc_maf_ingroup/25/chr18/chr18_25_acc_3127705_3127730.maf	[0.95454545 0.95454545 0.95454545 0.95454545 0.95454545 0.95454545	 0.95454545 0.95454545 0.95454545 0.95454545 0.95454545 0.95454545	 0.95454545 0.95454545 0.95454545 0.95454545 0.95454545 0.95454545	 0.95454545 0.95454545 0.95454545 0.95454545 0.95454545 0.95454545	 0.95454545 1.76666667 0.95454545 0.95454545 0.95454545 0.95454545	 0.95454545 0.95454545 0.95454545]	0.9791551882460974	33	8.0	3.0	0.0	0.09090909090909091	0.0642824376692354	0.0	0.09090909090909091	0.0642824376692354
/paula/2019/aves/data/scoring/acc_maf_ingroup/25/chr18/chr18_25_acc_3961920_3961945.maf	[0.95454545 0.95454545 0.95454545 0.95454545 0.95454545 0.95454545	 0.95454545 0.95454545 0.95454545 0.95454545 0.95454545 0.95454545	 0.95454545 0.95454545 0.95454545 0.95454545 0.95454545 0.95454545	 0.95454545 1.44736842 0.95454545 0.95454545 0.95454545 0.95454545	 0.95454545 0.95454545 0.95454545 0.95454545 0.95454545 0.95454545	 0.95454545 0.95454545 0.95454545 0.95454545]	0.9690402476780186	34	9.0	0.0	0.0	0.0	0.0	0.0	0.0	0.0
/paula/2019/aves/data/scoring/acc_maf_ingroup/25/chr18/chr18_25_acc_6888088_6888113.maf	[0.95454545 0.95454545 0.95454545 0.95454545 0.95454545 0.95454545	 0.95454545 0.95454545 0.95454545 0.95454545 0.95454545 0.95454545	 0.95454545 0.95454545 0.95454545 0.95454545 0.95454545 0.95454545	 0.95454545 0.95454545 0.95454545 0.95454545 0.95454545 0.95454545	 0.95454545 0.95454545 0.95454545 0.95454545 0.95454545 0.95454545	 0.95454545 0.95454545 0.95454545 0.95454545 0.95454545 0.95454545	 0.95454545 0.95454545 0.95454545 0.95454545 0.95454545 0.95454545	 0.95454545 0.95454545 0.95454545 0.95454545 0.95454545 0.95454545	 0.95454545 0.95454545 0.95454545 0.95454545 0.95454545 0.95454545	 0.95454545 0.95454545 0.95454545 0.95454545 0.95454545 0.95454545	 0.95454545 0.95454545 0.95454545 0.95454545 0.95454545 0.95238095]	0.9545126590581138	66	41.0	0.0	0.015151515151515152	0.015151515151515152	0.0	0.015151515151515152	0.015151515151515152	0.0
/paula/2019/aves/data/scoring/acc_maf_ingroup/25/chr18/chr18_25_acc_7603250_7603275.maf	[0.95454545 0.95454545 0.95454545 0.95454545 0.95454545 0.95454545	 0.95454545 0.95454545 0.95454545 0.95454545 0.95454545 0.95454545	 0.95454545 0.95454545 0.95454545 0.95454545 0.95454545 0.95454545	 1.80909091 0.95454545 0.95454545 0.95454545 0.95454545 0.95454545	 0.95454545]	0.9887272727272728	25	0.0	0.0	0.0	0.0	0.0	0.0	0.0	0.0
/paula/2019/aves/data/scoring/acc_maf_ingroup/25/chr18/chr18_25_acc_6963642_6963667.maf	[0.95454545 0.95454545 0.95454545 0.95454545 0.95454545 0.95454545	 0.95454545 0.95454545 0.95454545 0.95454545 0.95454545 0.95454545	 0.95454545 1.79807692 0.95454545 0.95454545 0.95454545 0.95454545	 0.95454545 0.95454545 0.95454545 0.95454545 0.95454545 0.95454545	 0.95454545]	0.9882867132867134	25	0.0	0.0	0.0	0.04	0.028284271099323854	0.0	0.04	0.028284271099323854
/paula/2019/aves/data/scoring/acc_maf_ingroup/25/chr18/chr18_25_acc_6094466_6094491.maf	[0.95454545 0.95454545 0.95454545 0.95454545 0.95454545 0.95454545	 0.95454545 0.95454545 0.95454545 0.95454545 0.95454545 0.95454545	 0.95454545 0.95454545 0.95454545 0.95       0.95454545 0.95454545	 0.95454545 0.95454545 0.95454545 0.95454545 0.95454545 0.95454545	 0.95454545 0.95454545]	0.9543706293706293	26	1.0	0.0	0.0	0.0	0.0	0.0	0.0	0.0
/paula/2019/aves/data/scoring/acc_maf_ingroup/25/chr18/chr18_25_acc_6201611_6201636.maf	[0.95454545 0.95454545 0.95454545 0.95454545 0.95454545 0.95454545	 0.95454545 0.95454545 0.95454545 0.95454545 0.95454545 0.95454545	 0.95454545 0.95454545 0.95454545 0.95454545 0.95454545 0.95454545	 1.44736842 0.95454545 0.95454545 0.95454545 0.95454545 0.95454545	 0.95454545 0.95454545]	0.9735001840264997	26	1.0	0.0	0.0	0.0	0.0	0.0	0.0	0.0
/paula/2019/aves/data/scoring/acc_maf_ingroup/25/chr18/chr18_25_acc_7525233_7525258.maf	[0.95454545 0.95454545 0.95454545 0.95454545 1.44736842 0.95454545	 0.95454545 0.95454545 0.95454545 0.95454545 0.95454545 0.95454545	 0.95454545 0.95454545 0.95454545 0.95454545 0.95454545 0.95454545	 0.95454545 0.95454545 0.95454545 0.95454545 0.95454545 0.95454545	 0.95454545 0.95454545 0.95454545 0.95454545 0.95454545 0.95454545	 0.95454545 0.95454545 0.95454545]	0.9694794838335508	33	8.0	0.0	0.0	0.0	0.0	0.0	0.0	0.0
/paula/2019/aves/data/scoring/acc_maf_ingroup/25/chr18/chr18_25_acc_6997070_6997095.maf	[0.95454545 0.95454545 0.95454545 0.95454545 0.95454545 0.95454545	 1.44736842 0.95454545 0.95454545 0.95454545 0.95454545 0.95454545	 0.95454545 0.95454545 0.95454545 0.95454545 0.95454545 0.95454545	 0.95454545 0.95454545 0.95454545 0.95454545 0.95454545 0.95454545	 0.95454545 0.95454545 0.95454545 0.95454545 0.95454545 0.95454545]	0.9709728867623603	30	5.0	0.0	0.0	0.0	0.0	0.0	0.0	0.0
/paula/2019/aves/data/scoring/acc_maf_ingroup/25/chr18/chr18_25_acc_9039460_9039485.maf	[0.94444444 0.94444444 0.94444444 0.94444444 2.31666667 0.94444444	 0.94444444 0.94444444 0.94444444 0.94444444 0.94444444 0.94444444	 0.94444444 0.94444444 0.94444444 0.94444444 0.94444444 0.94444444	 0.94444444 0.94444444 0.94444444 0.94444444 0.94444444 0.94444444	 0.94444444 0.94444444]	0.997222222222222	26	1.0	1.0	0.038461538461538464	0.038461538461538464	0.0	0.038461538461538464	0.038461538461538464	0.0
/paula/2019/aves/data/scoring/acc_maf_ingroup/25/chr18/chr18_25_acc_3964096_3964121.maf	[0.95238095 0.95238095 0.95238095 0.95238095 0.95238095 0.95238095	 0.95238095 0.95238095 0.95238095 0.95238095 0.95238095 1.76190476	 0.95238095 0.95238095 0.95238095 0.95238095 0.95238095 0.95238095	 0.95238095 0.95238095 0.95238095 0.95238095 0.95238095 0.95238095	 0.95238095]	0.9847619047619047	25	0.0	1.0	0.0	0.08	0.05656854219864771	0.0	0.08	0.05656854219864771
/paula/2019/aves/data/scoring/acc_maf_ingroup/25/chr18/chr18_25_acc_7218050_7218075.maf	[0.95454545 0.95454545 0.95454545 0.95454545 0.95454545 0.95454545	 0.95454545 0.95454545 0.95454545 0.95       0.95454545 0.95454545	 0.95454545 0.95454545 0.95454545 0.95454545 0.95454545 0.95238095	 0.95454545 0.95454545 0.95454545 0.95454545 0.95454545 0.95454545	 0.95454545 0.95454545]	0.9542873792873792	26	1.0	0.0	0.038461538461538464	0.038461538461538464	0.0	0.038461538461538464	0.038461538461538464	0.0
