/paula/2019/aves/data/scoring/acc_maf_ingroup/25/chr21/chr21_25_acc_3854626_3854651.maf	[0.95454545 0.95454545 0.95454545 0.95454545 0.95454545 0.95454545	 0.95454545 0.95454545 0.95454545 0.94736842 0.95454545 0.95454545	 0.95454545 0.95454545 0.95454545 0.95454545 0.95454545 0.95454545	 0.95454545 0.95454545 0.95454545 0.95454545 0.95454545 0.95454545	 0.95454545 0.95454545]	0.9542694147957305	26	1.0	0.0	0.038461538461538464	0.038461538461538464	0.0	0.038461538461538464	0.038461538461538464	0.0
/paula/2019/aves/data/scoring/acc_maf_ingroup/25/chr21/chr21_25_acc_6222268_6222293.maf	[0.95454545 0.95454545 0.95454545 0.95454545 0.95454545 0.95454545	 0.95454545 0.95454545 0.95454545 0.95454545 0.95454545 0.95	 0.95454545 0.95454545 0.95454545 0.95454545 0.95454545 0.95454545	 0.95454545 0.95454545 0.95454545 0.95454545 0.95454545 0.95454545	 0.95454545 0.95454545]	0.9543706293706293	26	1.0	0.0	0.0	0.0	0.0	0.0	0.0	0.0
/paula/2019/aves/data/scoring/acc_maf_ingroup/25/chr21/chr21_25_acc_6715718_6715743.maf	[0.95454545 0.95454545 0.95454545 0.95454545 0.95454545 0.95454545	 0.95454545 0.95454545 0.95454545 0.95454545 0.95454545 0.95454545	 0.95454545 0.95454545 0.95454545 0.95454545 0.95454545 0.95454545	 0.95454545 0.95454545 1.76666667 0.95454545 0.95454545 0.95454545	 0.95454545]	0.9870303030303029	25	0.0	0.0	0.0	0.0	0.0	0.0	0.0	0.0
/paula/2019/aves/data/scoring/acc_maf_ingroup/25/chr21/chr21_25_acc_1045776_1045801.maf	[0.95454545 0.95454545 0.95454545 0.95454545 0.95454545 0.95454545	 0.95454545 0.95454545 0.95       0.95454545 0.95454545 0.95454545	 0.95454545 0.95454545 0.95454545 0.95454545 0.95454545 0.95454545	 0.95454545 0.95454545 0.95454545 0.95454545 0.95454545 0.95454545	 0.95454545]	0.9543636363636364	25	0.0	0.0	0.0	0.0	0.0	0.0	0.0	0.0
/paula/2019/aves/data/scoring/acc_maf_ingroup/25/chr21/chr21_25_acc_1174188_1174213.maf	[0.95454545 0.95454545 0.95454545 0.95454545 0.95454545 0.95454545	 0.95454545 0.95454545 0.95454545 0.95454545 0.95454545 0.95	 0.95454545 0.95454545 0.95454545 0.95454545 0.95454545 0.95454545	 0.95454545 0.95454545 0.95454545 0.95454545 0.95454545 0.95454545	 0.95454545 0.95454545 0.95454545 0.95454545 0.95454545]	0.9543887147335421	29	4.0	0.0	0.0	0.034482758620689655	0.024382992781171956	0.0	0.034482758620689655	0.024382992781171956
/paula/2019/aves/data/scoring/acc_maf_ingroup/25/chr21/chr21_25_acc_3831943_3831968.maf	[0.95454545 0.95454545 0.95454545 0.95454545 0.95454545 0.95454545	 0.95454545 0.95454545 0.95454545 0.95454545 0.95454545 0.95454545	 0.95454545 0.95454545 0.95454545 0.95454545 0.95454545 0.95454545	 0.95454545 0.95454545 0.95454545 0.95454545 0.95454545 0.95454545	 0.95454545 2.18333333 0.95454545 0.95454545]	0.9984307359307358	28	3.0	3.0	0.0	0.14285714285714285	0.1010152606997574	0.0	0.14285714285714285	0.1010152606997574
/paula/2019/aves/data/scoring/acc_maf_ingroup/25/chr21/chr21_25_acc_3811787_3811812.maf	[0.95454545 0.95454545 0.95454545 0.95454545 0.95454545 0.95454545	 0.95454545 0.95454545 0.95454545 0.95454545 0.95454545 0.95454545	 0.95454545 0.95454545 0.95454545 0.95454545 0.95454545 0.95454545	 0.95454545 0.95454545 0.95454545 0.95454545 0.95454545 0.95454545	 0.95454545 0.95454545 0.95454545 0.95454545 0.95454545 0.95454545	 1.79807692 0.95454545]	0.9809058129370629	32	7.0	0.0	0.0	0.0	0.0	0.0	0.0	0.0
/paula/2019/aves/data/scoring/acc_maf_ingroup/25/chr21/chr21_25_acc_1093394_1093419.maf	[0.95454545 0.95454545 0.95454545 1.76666667 0.95454545 0.95454545	 0.95454545 0.95454545 0.95454545 0.95454545 0.95454545 0.95454545	 0.95454545 0.95454545 0.95454545 0.95454545 0.95454545 0.95454545	 0.95454545 0.95454545 0.95454545 0.95454545 0.95454545 0.95454545	 0.95454545]	0.9870303030303029	25	0.0	0.0	0.0	0.0	0.0	0.0	0.0	0.0
/paula/2019/aves/data/scoring/acc_maf_ingroup/25/chr21/chr21_25_acc_1364079_1364104.maf	[0.95454545 0.95454545 0.95454545 0.95454545 0.95454545 0.95454545	 0.95454545 0.95454545 0.95454545 0.95454545 0.95454545 1.76666667	 0.95454545 0.95454545 0.95454545 0.95454545 0.95454545 0.95454545	 0.95454545 0.95454545 0.95454545 0.95454545 0.95454545 0.95454545	 0.95454545 0.95454545]	0.9857808857808856	26	1.0	0.0	0.0	0.0	0.0	0.0	0.0	0.0
/paula/2019/aves/data/scoring/acc_maf_ingroup/25/chr21/chr21_25_acc_3830659_3830684.maf	[0.95454545 0.95454545 1.61111111 1.61111111 0.95454545 0.95454545	 0.95454545 0.95454545 0.95454545 0.95454545 0.95454545 0.95454545	 0.95454545 0.95454545 0.95454545 0.95454545 1.61111111 0.95454545	 0.95454545 0.95454545 0.95454545 0.95454545 0.95454545 0.95454545	 0.95454545 0.95454545 0.95454545]	1.0274971941638609	27	2.0	1.0	0.0	0.1111111111111111	0.07856742206183566	0.0	0.1111111111111111	0.07856742206183566
/paula/2019/aves/data/scoring/acc_maf_ingroup/25/chr21/chr21_25_acc_1124962_1124987.maf	[0.95454545 0.95454545 0.95454545 0.95454545 0.95454545 0.95454545	 1.44736842 0.95454545 0.95454545 0.95454545 0.95454545 0.95454545	 0.95454545 0.95454545 0.95454545 0.95454545 0.95454545 0.95454545	 0.95454545 0.95454545 0.95454545 0.95454545 0.95454545 0.95454545	 0.95454545 0.95454545 0.95454545 0.95454545 0.95454545 0.95454545	 0.95454545 0.95454545 0.95454545 0.95454545 0.95454545 0.95454545	 0.95454545 0.95454545]	0.9675144799798537	38	13.0	0.0	0.0	0.0	0.0	0.0	0.0	0.0
