/paula/2019/aves/data/scoring/acc_maf_ingroup/25/chr22/chr22_25_acc_2452298_2452323.maf	[0.94736842 0.94736842 0.94736842 0.94736842 0.94736842 0.94736842	 0.94736842 0.94736842 0.94736842 0.94736842 0.94736842 0.94736842	 0.94736842 0.94736842 1.76623377 0.94736842 0.94736842 0.94736842	 0.94736842 0.94736842 0.94736842 0.94736842 0.94736842 0.94736842	 0.94736842 0.94736842 0.94736842]	0.9776967671704512	27	2.0	0.0	0.0	0.0	0.0	0.0	0.0	0.0
/paula/2019/aves/data/scoring/acc_maf_ingroup/25/chr22/chr22_25_acc_824458_824483.maf	[0.95454545 0.95454545 0.95454545 0.95454545 0.95454545 0.95454545	 0.95454545 1.69117647 0.95454545 0.95454545 0.95454545 0.95454545	 0.95454545 0.95454545 0.95454545 0.95454545 0.95454545 0.95454545	 0.95454545 0.95454545 0.95454545 0.95454545 0.95454545 0.95454545	 0.95454545]	0.9840106951871658	25	0.0	0.0	0.0	0.0	0.0	0.0	0.0	0.0
/paula/2019/aves/data/scoring/acc_maf_ingroup/25/chr22/chr22_25_acc_805229_805254.maf	[0.95454545 0.95454545 0.95454545 0.95454545 0.95454545 0.95454545	 0.95454545 0.95454545 0.95454545 0.95454545 0.95454545 0.95454545	 0.95454545 0.95454545 0.95454545 0.95454545 0.95454545 0.95454545	 0.95454545 0.95454545 0.95454545 0.95454545 0.95454545 2.18333333	 0.95454545]	1.0036969696969698	25	0.0	0.0	0.0	0.0	0.0	0.0	0.0	0.0
/paula/2019/aves/data/scoring/acc_maf_ingroup/25/chr22/chr22_25_acc_2436398_2436423.maf	[0.95454545 0.95454545 0.95454545 0.95454545 0.95454545 0.95454545	 0.95454545 0.95454545 0.95454545 0.95454545 0.95454545 0.95454545	 0.95454545 0.95454545 0.95454545 0.95454545 0.95454545 0.95454545	 0.95454545 0.95454545 0.95454545 0.95454545 1.7375     0.95454545	 0.95454545 0.95454545]	0.9846590909090909	26	1.0	0.0	0.0	0.0	0.0	0.0	0.0	0.0
/paula/2019/aves/data/scoring/acc_maf_ingroup/25/chr22/chr22_25_acc_1480353_1480378.maf	[2.3452381 1.7375    1.7375    1.7375    1.7375    1.7375    1.7375	 1.7375    1.7375    1.7375    1.7375    1.7375    1.7375    1.7375	 1.7375    1.7375    1.7375    1.7375    1.7375    1.7375    1.7375	 1.7375    1.7375    1.7375    1.7375   ]	1.7618095238095237	25	0.0	1.0	0.04	0.04	0.0	0.04	0.04	0.0
/paula/2019/aves/data/scoring/acc_maf_ingroup/25/chr22/chr22_25_acc_2980226_2980251.maf	[1.80555556 1.80555556 1.80555556 0.95454545 0.95454545 0.95454545	 0.95454545 0.95454545 0.95454545 0.95454545 0.95454545 0.95454545	 0.95454545 0.95454545 0.95454545 0.95454545 0.95454545 0.95454545	 0.95454545 0.95454545 0.95454545 0.95454545 0.95454545 0.95454545	 0.95454545 0.95454545 0.95454545 0.95454545 0.95454545 0.95454545	 0.95454545 0.95454545 0.95454545 0.95454545 0.95454545 0.95454545	 1.44736842 0.95454545]	1.0346994879543352	38	13.0	0.0	0.0	0.0	0.0	0.0	0.0	0.0
/paula/2019/aves/data/scoring/acc_maf_ingroup/25/chr22/chr22_25_acc_2224194_2224219.maf	[0.95454545 0.95454545 0.95454545 0.95454545 0.95454545 0.95454545	 0.95454545 0.95454545 0.95454545 0.95454545 0.95454545 0.95454545	 0.95454545 0.95454545 0.95454545 0.95454545 0.95454545 1.80555556	 0.95454545 0.95454545 0.95454545 0.95454545 0.95454545 0.95454545	 0.95454545]	0.9885858585858586	25	0.0	0.0	0.0	0.08	0.05656854219864771	0.0	0.08	0.05656854219864771
/paula/2019/aves/data/scoring/acc_maf_ingroup/25/chr22/chr22_25_acc_1460673_1460698.maf	[0.95454545 0.95454545 0.95454545 0.95454545 0.95454545 0.95454545	 0.95454545 0.95454545 0.95454545 0.95454545 0.95454545 0.95454545	 0.95454545 0.95454545 0.95454545 0.95454545 0.95454545 1.44736842	 0.95454545 0.95454545 0.95454545 0.95454545 0.95454545 0.95454545	 0.95454545]	0.9742583732057416	25	0.0	0.0	0.0	0.0	0.0	0.0	0.0	0.0
/paula/2019/aves/data/scoring/acc_maf_ingroup/25/chr22/chr22_25_acc_2414515_2414540.maf	[0.95238095 0.95238095 0.95238095 0.95238095 0.95238095 0.95238095	 0.95238095 0.95238095 0.95238095 0.95238095 0.95238095 0.95238095	 0.95238095 0.95238095 0.95238095 0.95238095 0.95238095 0.95238095	 0.95238095 0.95238095 0.95238095 0.95238095 0.95238095 0.95	 0.95238095 0.95238095 0.95238095 0.95238095 0.95238095 0.95238095	 0.95238095 0.95238095]	0.9523065476190475	32	7.0	0.0	0.0	0.09375	0.06629126187076545	0.0	0.09375	0.06629126187076545
/paula/2019/aves/data/scoring/acc_maf_ingroup/25/chr22/chr22_25_acc_1597685_1597710.maf	[0.95       0.95       0.95       0.95       0.95       0.95	 0.95       0.95       0.95       0.95       0.95       0.95	 0.95       0.95       0.95       0.95       0.95       0.95	 0.95       0.95       0.95       0.95       1.78888889 0.95	 0.95      ]	0.9835555555555554	25	0.0	0.0	0.0	0.08	0.05656854219864771	0.0	0.08	0.05656854219864771
/paula/2019/aves/data/scoring/acc_maf_ingroup/25/chr22/chr22_25_acc_1477680_1477705.maf	[0.95454545 0.95454545 0.95454545 0.95454545 0.95454545 0.95454545	 0.95454545 0.95454545 0.95454545 0.95454545 0.95454545 0.95454545	 0.95454545 0.95454545 0.95454545 0.95454545 0.95454545 0.95454545	 0.95454545 0.95       0.95454545 0.95454545 0.95454545 0.95	 0.95454545 0.95454545]	0.9541958041958041	26	1.0	0.0	0.0	0.0	0.0	0.0	0.0	0.0
/paula/2019/aves/data/scoring/acc_maf_ingroup/25/chr22/chr22_25_acc_2445834_2445859.maf	[0.95454545 0.95454545 0.95454545 0.95454545 0.95454545 0.95454545	 0.95454545 0.95454545 0.95454545 0.95454545 0.95454545 0.95454545	 0.95454545 0.95454545 0.95454545 0.95454545 0.95454545 0.95454545	 0.95454545 0.95454545 0.95454545 0.95454545 0.95454545 0.95454545	 1.78571429 0.95454545]	0.9865134865134865	26	1.0	1.0	0.0	0.07692307692307693	0.05439283227922659	0.0	0.07692307692307693	0.05439283227922659
/paula/2019/aves/data/scoring/acc_maf_ingroup/25/chr22/chr22_25_acc_832269_832294.maf	[0.95454545 0.95454545 0.95454545 0.95454545 0.95454545 0.95454545	 0.95454545 1.76666667 0.95454545 0.95454545 0.95454545 0.95454545	 0.95454545 0.95454545 0.95454545 0.95454545 0.95454545 0.95454545	 0.95454545 0.95454545 0.95454545 0.95454545 0.95454545 0.95454545	 0.95454545 0.95454545 0.95454545 0.95454545 0.95454545 0.95454545	 0.95454545 0.95454545 0.95454545 0.95454545 0.95454545 0.95454545	 0.95454545 0.95454545 0.95454545 0.95454545 0.95454545 0.95454545	 0.95454545 0.95454545]	0.9730027548209367	44	19.0	0.0	0.0	0.0	0.0	0.0	0.0	0.0
