/paula/2019/aves/data/scoring/acc_maf_ingroup/25/chr24/chr24_25_acc_3520921_3520946.maf	[0.95454545 0.95454545 0.95454545 0.95454545 0.95454545 0.95454545	 0.95454545 0.95454545 0.95454545 0.95454545 0.95454545 0.95454545	 0.95454545 0.95454545 0.95454545 1.72857143 0.95454545 0.95454545	 0.95454545 0.95454545 0.95454545 0.95454545 0.95454545 0.95454545	 0.95454545 0.95454545 0.95454545 0.95454545 0.95454545 0.95454545	 0.95454545 0.95454545 0.95454545 0.95454545 0.95454545 0.94736842	 0.95454545 0.95454545 0.95454545 0.95454545 0.95454545 0.95454545	 0.95454545 0.95454545]	0.9719738395575717	44	19.0	0.0	0.022727272727272728	0.022727272727272728	0.0	0.022727272727272728	0.022727272727272728	0.0
/paula/2019/aves/data/scoring/acc_maf_ingroup/25/chr24/chr24_25_acc_3744743_3744768.maf	[0.95454545 0.95454545 0.95454545 0.95454545 0.95454545 0.95454545	 0.95454545 0.95454545 0.95454545 0.95454545 0.95454545 0.95454545	 0.95454545 0.95454545 0.95454545 0.95454545 0.95454545 0.95454545	 0.95454545 0.95454545 0.95454545 0.95454545 0.95454545 0.95454545	 1.44736842 0.95454545]	0.9735001840264997	26	1.0	0.0	0.0	0.0	0.0	0.0	0.0	0.0
/paula/2019/aves/data/scoring/acc_maf_ingroup/25/chr24/chr24_25_acc_2108694_2108719.maf	[0.95454545 0.95454545 0.95454545 0.95454545 0.95454545 0.95454545	 0.95454545 0.95454545 0.95454545 0.95454545 0.95454545 0.95454545	 0.95454545 0.95454545 0.95454545 1.80555556 0.95454545 0.95454545	 0.95454545 0.95454545 0.95454545 0.95454545 0.95454545 0.95454545	 0.95454545]	0.9885858585858586	25	0.0	4.0	0.0	0.16	0.11313708439729542	0.0	0.16	0.11313708439729542
/paula/2019/aves/data/scoring/acc_maf_ingroup/25/chr24/chr24_25_acc_1175519_1175544.maf	[0.95454545 0.95454545 0.95454545 0.95454545 0.95454545 0.95454545	 0.95454545 0.95454545 0.95       0.95       0.95454545 0.95454545	 0.95454545 0.95454545 1.78571429 0.95454545 0.95454545 0.95454545	 0.95454545 0.95454545 0.95454545 0.95454545 0.95454545 0.95454545	 0.95454545 0.95454545 0.95454545 0.95454545 0.95454545 0.95454545	 0.95454545 0.95454545 0.95454545 0.95454545 0.95454545 0.95454545	 0.95454545]	0.9767637767637767	37	12.0	2.0	0.0	0.05405405405405406	0.03822198975190932	0.0	0.05405405405405406	0.03822198975190932
/paula/2019/aves/data/scoring/acc_maf_ingroup/25/chr24/chr24_25_acc_2399544_2399569.maf	[0.94444444 0.94444444 0.94444444 0.94444444 0.94444444 0.94444444	 0.94444444 0.94444444 0.94444444 0.94444444 0.94444444 0.94444444	 0.94444444 0.94444444 0.94444444 0.94444444 0.94444444 0.94444444	 0.94444444 0.94444444 0.94444444 0.94444444 0.94444444 0.94444444	 0.9375     0.94444444]	0.9441773504273503	26	1.0	0.0	0.0	0.0	0.0	0.0	0.0	0.0
/paula/2019/aves/data/scoring/acc_maf_ingroup/25/chr24/chr24_25_acc_1937621_1937646.maf	[0.95454545 0.95454545 0.95454545 0.95454545 0.95454545 1.69117647	 0.95454545 0.95454545 0.95454545 0.95454545 0.95454545 0.95454545	 0.95454545 0.95454545 0.95454545 0.95454545 0.95454545 0.95454545	 0.95454545 0.95454545 0.95454545 0.95454545 0.95454545 0.95454545	 0.95454545]	0.9840106951871658	25	0.0	0.0	0.0	0.0	0.0	0.0	0.0	0.0
/paula/2019/aves/data/scoring/acc_maf_ingroup/25/chr24/chr24_25_acc_3439106_3439131.maf	[0.95454545 0.95454545 0.95454545 0.95454545 0.95454545 0.95454545	 0.95454545 0.95454545 0.95454545 0.95454545 0.95454545 0.95454545	 0.95454545 0.95454545 0.95454545 0.95454545 0.95454545 0.95454545	 1.80555556 0.95454545 0.95454545 0.95454545 0.95454545 0.95454545	 0.95454545 0.95454545 0.95454545 0.95454545 0.95454545]	0.9838906304423544	29	4.0	0.0	0.0	0.034482758620689655	0.024382992781171956	0.0	0.034482758620689655	0.024382992781171956
/paula/2019/aves/data/scoring/acc_maf_ingroup/25/chr24/chr24_25_acc_3105638_3105663.maf	[0.95454545 0.95454545 0.95454545 0.95454545 0.95454545 0.95454545	 0.95454545 0.95454545 0.95454545 0.95454545 0.95454545 0.95454545	 0.95454545 0.95454545 0.95454545 0.95454545 0.95454545 0.95454545	 0.95454545 0.95454545 0.95454545 0.95454545 0.95454545 0.95454545	 1.80909091 0.95454545 0.95454545 0.95454545]	0.985064935064935	28	3.0	0.0	0.0	0.0	0.0	0.0	0.0	0.0
/paula/2019/aves/data/scoring/acc_maf_ingroup/25/chr24/chr24_25_acc_2422455_2422480.maf	[0.95238095 0.95454545 0.95454545 0.95454545 0.95454545 0.95454545	 0.95454545 0.95454545 0.95454545 0.95454545 0.95454545 0.95454545	 0.95454545 0.95454545 0.95454545 0.95       0.95454545 0.95454545	 0.95454545 0.95454545 0.95454545 0.95454545 0.95454545 0.95454545	 0.95454545 0.95454545]	0.9542873792873792	26	1.0	1.0	0.038461538461538464	0.11538461538461539	0.054392827010870434	0.038461538461538464	0.11538461538461539	0.054392827010870434
/paula/2019/aves/data/scoring/acc_maf_ingroup/25/chr24/chr24_25_acc_4125633_4125658.maf	[0.95454545 0.95454545 1.80909091 0.95454545 0.95454545 0.95454545	 0.95454545 0.95454545 0.95454545 0.95454545 0.95454545 0.95454545	 0.95454545 0.95454545 0.95454545 0.95454545 1.76666667 0.95454545	 0.95454545 0.95454545 0.95454545 0.95454545 0.95454545 0.95454545	 0.95454545 0.95454545 0.95454545 0.95454545 0.95454545 0.95454545	 0.95454545]	1.0083088954056694	31	6.0	0.0	0.0	0.03225806451612903	0.022809895877894847	0.0	0.03225806451612903	0.022809895877894847
/paula/2019/aves/data/scoring/acc_maf_ingroup/25/chr24/chr24_25_acc_3501829_3501854.maf	[0.95454545 0.95454545 0.95454545 0.95454545 0.95454545 0.95454545	 0.95454545 0.95454545 0.95454545 0.95454545 0.95454545 0.95454545	 0.95454545 0.95454545 0.95454545 0.95454545 0.95454545 0.95454545	 0.95454545 0.95454545 0.95454545 0.95454545 0.95454545 0.95454545	 0.95238095]	0.9544588744588745	25	0.0	1.0	0.0	0.04	0.028284271099323854	0.0	0.04	0.028284271099323854
/paula/2019/aves/data/scoring/acc_maf_ingroup/25/chr24/chr24_25_acc_3289244_3289269.maf	[0.95454545 0.95454545 0.95454545 0.95454545 0.95454545 0.95454545	 0.95454545 0.95454545 0.95454545 0.95454545 0.95454545 0.95454545	 0.95454545 0.95454545 0.95454545 0.95454545 0.95454545 0.95454545	 0.95454545 0.95454545 0.95454545 1.79807692 0.95454545 0.95454545	 0.95454545 0.95454545 0.95454545]	0.9857873607873607	27	2.0	2.0	0.0	0.07407407407407407	0.05237828137455711	0.0	0.07407407407407407	0.05237828137455711
/paula/2019/aves/data/scoring/acc_maf_ingroup/25/chr24/chr24_25_acc_2383304_2383329.maf	[0.95454545 1.7375     0.95454545 0.95454545 0.95454545 0.95454545	 0.95454545 0.95454545 0.95454545 0.95454545 0.95454545 0.95454545	 0.95454545 0.95454545 0.95454545 0.95454545 0.95454545 0.95454545	 0.95454545 0.95454545 0.95454545 0.95454545 0.95454545 0.95454545	 0.95454545]	0.9858636363636364	25	0.0	0.0	0.0	0.0	0.0	0.0	0.0	0.0
/paula/2019/aves/data/scoring/acc_maf_ingroup/25/chr24/chr24_25_acc_4506551_4506576.maf	[0.94117647 0.94117647 0.94117647 0.94117647 0.94117647 0.94117647	 0.94117647 0.94117647 0.94117647 0.94117647 0.94117647 0.94117647	 0.94117647 0.94117647 0.94117647 0.94117647 0.94117647 0.94117647	 0.94117647 0.94117647 0.94117647 0.94117647 0.94117647 0.9375	 0.94117647 0.94117647 0.94117647]	0.9410403050108932	27	2.0	0.0	0.037037037037037035	0.037037037037037035	0.0	0.037037037037037035	0.037037037037037035	0.0
/paula/2019/aves/data/scoring/acc_maf_ingroup/25/chr24/chr24_25_acc_4951891_4951916.maf	[0.95238095 0.95238095 0.95238095 0.95238095 0.95238095 0.95238095	 0.95238095 0.95       0.95238095 0.95238095 0.95238095 0.95238095	 0.95238095 0.95238095 0.95238095 0.95238095 0.95238095 0.95238095	 0.95238095 0.95238095 0.95238095 0.95238095 0.95238095 0.95238095	 0.95238095]	0.9522857142857142	0	0.0	0.0	0.0	0.0	0.0	0.0	0.0	0.0
/paula/2019/aves/data/scoring/acc_maf_ingroup/25/chr24/chr24_25_acc_2471839_2471864.maf	[1.44736842 0.95454545 0.95454545 0.95454545 0.95454545 0.95454545	 0.95454545 0.95454545 0.95454545 0.95454545 0.95454545 0.95454545	 0.95454545 0.95454545 0.95454545 0.95454545 0.95454545 0.95454545	 0.95454545 0.95454545 0.95454545 0.95454545 0.95454545 0.95454545	 0.95454545]	0.9742583732057416	25	0.0	2.0	0.0	0.08	0.05656854219864771	0.0	0.08	0.05656854219864771
/paula/2019/aves/data/scoring/acc_maf_ingroup/25/chr24/chr24_25_acc_1978572_1978597.maf	[0.95454545 0.95454545 0.95454545 0.95454545 0.95454545 0.95454545	 0.95454545 0.95454545 0.95454545 0.95454545 0.95454545 0.95454545	 0.95454545 0.95454545 0.95454545 0.95454545 0.95454545 1.78571429	 0.95454545 0.95454545 0.95454545 0.95454545 0.95454545 0.95454545	 0.95454545]	0.9877922077922077	25	0.0	0.0	0.0	0.04	0.028284271099323854	0.0	0.04	0.028284271099323854
/paula/2019/aves/data/scoring/acc_maf_ingroup/25/chr24/chr24_25_acc_667917_667942.maf	[0.95454545 0.95454545 0.95454545 0.95454545 0.95454545 0.95454545	 0.95454545 0.95454545 0.95454545 0.95454545 0.95454545 0.95454545	 0.95454545 0.95454545 0.95454545 0.95454545 0.95454545 0.95454545	 0.95454545 0.95454545 0.95454545 0.95454545 0.95454545 0.95238095	 0.95       0.95454545]	0.9542873792873793	26	1.0	0.0	0.038461538461538464	0.038461538461538464	0.0	0.038461538461538464	0.038461538461538464	0.0
/paula/2019/aves/data/scoring/acc_maf_ingroup/25/chr24/chr24_25_acc_2450578_2450603.maf	[0.95238095 0.95238095 0.95       1.7979798  0.95238095 0.95238095	 0.95238095 0.95238095 0.95238095 0.95238095 0.95238095 0.95238095	 0.95238095 0.95238095 0.95238095 0.95238095 0.95238095 0.95238095	 0.95238095 0.95238095 0.95238095 0.95238095 0.95238095 0.94736842	 0.95238095 0.95238095]	0.9846196201459357	26	1.0	1.0	0.038461538461538464	0.07692307692307693	0.027196416139613294	0.038461538461538464	0.07692307692307693	0.027196416139613294
/paula/2019/aves/data/scoring/acc_maf_ingroup/25/chr24/chr24_25_acc_4729734_4729759.maf	[0.95454545 0.95       0.95454545 0.95454545 0.95454545 0.95454545	 0.95454545 0.95454545 0.95454545 0.95454545 0.95454545 0.95454545	 0.95454545 0.95454545 0.95454545 0.95454545 0.95454545 0.95454545	 0.95454545 0.95454545 0.95454545 0.95454545 0.95454545 0.95454545	 0.95454545 0.95454545]	0.9543706293706293	26	1.0	0.0	0.0	0.0	0.0	0.0	0.0	0.0
/paula/2019/aves/data/scoring/acc_maf_ingroup/25/chr24/chr24_25_acc_1470349_1470374.maf	[0.95238095 0.95238095 0.95238095 1.44444444 0.95238095 0.95238095	 0.95238095 0.95238095 0.95238095 0.95238095 0.95238095 0.95238095	 0.95238095 0.95238095 0.95238095 0.95238095 0.95238095 0.95238095	 0.95238095 0.95238095 0.95238095 0.95238095 0.95238095 0.95238095	 0.95238095 0.95238095 0.95238095 0.95238095 0.95238095 0.95238095	 0.95238095 0.95238095 0.95238095 0.95238095 0.95238095 0.95238095	 0.95238095 0.95238095 0.95238095 0.95238095]	0.9646825396825396	40	15.0	6.0	0.0	0.175	0.12374368671808639	0.0	0.175	0.12374368671808639
/paula/2019/aves/data/scoring/acc_maf_ingroup/25/chr24/chr24_25_acc_1646162_1646187.maf	[0.95238095 0.95238095 0.95238095 0.95238095 0.95238095 0.95238095	 0.95238095 2.1        0.95238095 0.95238095 0.95238095 0.95238095	 0.95238095 0.95238095 0.95238095 0.95238095 0.95238095 0.95238095	 0.95238095 0.95238095 0.95238095 0.95238095 0.95238095 0.95238095	 0.95238095 0.95238095 0.95238095 0.95238095]	0.9933673469387755	28	3.0	0.0	0.0	0.0	0.0	0.0	0.0	0.0
/paula/2019/aves/data/scoring/acc_maf_ingroup/25/chr24/chr24_25_acc_2177315_2177340.maf	[0.95454545 0.95454545 0.95454545 0.95454545 0.95454545 0.95454545	 0.95454545 0.95454545 0.95454545 0.95454545 0.95454545 0.95454545	 1.80909091 0.95454545 0.95454545 0.95454545 0.95454545 0.95454545	 0.95454545 0.95454545 0.95454545 0.95454545 0.95454545 0.95454545	 0.95454545]	0.9887272727272728	25	0.0	0.0	0.0	0.0	0.0	0.0	0.0	0.0
/paula/2019/aves/data/scoring/acc_maf_ingroup/25/chr24/chr24_25_acc_5609151_5609176.maf	[0.95       0.95       0.95       0.95       0.95       0.95	 0.95       0.95       0.95       0.95       0.95       0.95	 0.95       0.95       0.95       0.95       0.94736842 0.95	 0.95       0.95       0.95       0.95       0.95       0.95	 0.95      ]	0.9498947368421051	25	0.0	0.0	0.04	0.04	0.0	0.04	0.04	0.0
/paula/2019/aves/data/scoring/acc_maf_ingroup/25/chr24/chr24_25_acc_4667019_4667044.maf	[0.95454545 0.95454545 0.95454545 0.95454545 0.95454545 0.95454545	 0.95454545 0.95454545 0.95454545 0.95454545 0.95454545 0.95	 0.95454545 0.95       0.95454545 0.95454545 0.95454545 0.95454545	 0.95454545 0.95454545 0.95454545 0.95454545 0.95454545 0.95454545	 0.95454545 0.95454545 0.95454545 0.95454545 0.95454545 0.95454545	 0.95454545]	0.9542521994134894	31	6.0	0.0	0.0	0.0	0.0	0.0	0.0	0.0
/paula/2019/aves/data/scoring/acc_maf_ingroup/25/chr24/chr24_25_acc_4328016_4328041.maf	[0.95454545 0.95454545 0.95454545 0.95454545 0.95454545 0.95454545	 0.95454545 0.95454545 0.95454545 0.95454545 0.95454545 0.95454545	 0.95454545 0.95454545 1.76666667 0.95454545 0.95454545 0.95454545	 0.95454545 0.95454545 0.95454545 0.95454545 0.95454545 0.95454545	 0.95454545]	0.9870303030303029	25	0.0	0.0	0.0	0.0	0.0	0.0	0.0	0.0
/paula/2019/aves/data/scoring/acc_maf_ingroup/25/chr24/chr24_25_acc_4671669_4671694.maf	[0.95454545 0.95454545 0.95454545 0.95454545 0.95454545 0.95454545	 0.95454545 0.95454545 0.95454545 0.95454545 0.95454545 1.76666667	 0.95454545 0.95454545 0.95454545 0.95454545 0.95454545 0.95454545	 0.95454545 0.95454545 0.95454545 0.95454545 0.95454545 0.95454545	 0.95454545]	0.9870303030303029	25	0.0	0.0	0.0	0.0	0.0	0.0	0.0	0.0
/paula/2019/aves/data/scoring/acc_maf_ingroup/25/chr24/chr24_25_acc_5811414_5811439.maf	[0.95238095 0.95238095 0.95238095 0.95238095 0.95238095 0.95238095	 0.95238095 0.95238095 0.95238095 0.95238095 0.95238095 0.95238095	 1.79166667 0.95238095 0.95238095 0.95238095 0.95238095 0.95238095	 0.95238095 0.95238095 0.95238095 0.95238095 0.95238095 0.95238095	 0.95238095 0.95238095 0.95238095 0.95238095 0.95238095 0.95238095	 0.95238095 0.95238095 0.95238095 0.95238095 0.95238095 0.95238095	 0.95238095]	0.9750643500643495	37	12.0	1.0	0.0	0.05405405405405406	0.03822198975190932	0.0	0.05405405405405406	0.03822198975190932
/paula/2019/aves/data/scoring/acc_maf_ingroup/25/chr24/chr24_25_acc_3648179_3648204.maf	[0.95454545 0.95454545 0.95454545 0.95454545 0.95454545 0.95454545	 0.95454545 0.95454545 0.95454545 0.95454545 0.95454545 0.95454545	 0.95454545 0.95454545 0.95454545 0.95454545 0.95454545 0.95454545	 0.95454545 0.95238095 0.95454545 0.95454545 0.95454545 0.95454545	 0.95454545 0.95454545]	0.9544622044622044	26	1.0	0.0	0.038461538461538464	0.038461538461538464	0.0	0.038461538461538464	0.038461538461538464	0.0
/paula/2019/aves/data/scoring/acc_maf_ingroup/25/chr24/chr24_25_acc_2118152_2118177.maf	[0.94736842 0.95454545 0.95454545 0.95454545 0.95454545 0.95454545	 0.95454545 0.95454545 0.95454545 0.95454545 0.95454545 0.95454545	 0.95454545 0.95454545 0.95454545 0.95454545 0.95454545 0.95454545	 0.95454545 0.95454545 0.95454545 0.95454545 0.95454545 0.95454545	 0.95454545 0.95454545 0.95454545 0.95454545 0.95454545 0.95454545]	0.9543062200956935	30	5.0	0.0	0.03333333333333333	0.0	-0.02357022767222193	0.03333333333333333	0.0	-0.02357022767222193
/paula/2019/aves/data/scoring/acc_maf_ingroup/25/chr24/chr24_25_acc_3289369_3289394.maf	[0.95454545 0.95454545 0.95454545 0.95454545 0.95454545 0.95454545	 0.95454545 0.95454545 0.95454545 0.95454545 0.95454545 0.95454545	 0.95454545 0.95454545 0.95454545 2.3452381  2.3452381  0.95454545	 0.95454545 1.80555556 0.95454545 0.95454545 0.95454545 0.95454545	 0.95454545 0.95454545 0.95454545 0.95454545 0.95454545 0.95454545	 0.95454545 0.95454545]	1.0680578102453102	32	7.0	0.0	0.0625	0.0	-0.0441941745805103	0.0625	0.0	-0.0441941745805103
/paula/2019/aves/data/scoring/acc_maf_ingroup/25/chr24/chr24_25_acc_980162_980187.maf	[0.95454545 0.95454545 0.95454545 1.78571429 0.95454545 0.95454545	 0.95454545 0.95454545 0.95454545 0.95454545 0.95454545 0.95454545	 0.95454545 0.95454545 0.95454545 0.95454545 0.95454545 0.95454545	 0.95454545 0.95454545 0.95454545 0.95454545 0.95454545 0.95454545	 0.95454545 0.95454545]	0.9865134865134864	26	1.0	1.0	0.0	0.11538461538461539	0.0815892457846618	0.0	0.11538461538461539	0.0815892457846618
/paula/2019/aves/data/scoring/acc_maf_ingroup/25/chr24/chr24_25_acc_4579908_4579933.maf	[0.95454545 0.95454545 0.95454545 0.95454545 0.95454545 0.95454545	 0.95454545 0.95454545 0.95454545 0.95454545 0.95454545 0.95454545	 0.95454545 0.95454545 0.95454545 0.95454545 0.95454545 0.95454545	 0.95454545 0.95454545 0.95454545 0.95454545 0.95454545 0.95454545	 0.95454545 0.95454545 0.95454545 0.95454545 0.95454545 0.95454545	 0.95454545 0.95454545 0.95454545 0.95454545 0.95454545 0.95454545	 0.95454545 0.95454545 0.95454545 0.95454545 0.95454545 0.95454545	 0.95454545 0.95454545 0.95454545 0.95454545 0.95454545 0.95454545	 0.95454545 0.95454545 0.95454545 0.95454545 0.95454545 0.95454545	 0.95454545 0.95454545 0.95454545 0.95454545 0.95454545 0.95454545	 0.95454545 0.95454545 0.95454545 0.95454545 0.95454545 0.95454545	 0.95454545 0.95454545 0.95454545 0.95454545 0.95238095 0.95454545	 0.95454545 0.95454545 0.95454545 0.95454545 0.95454545 0.95454545	 0.95454545 0.95454545 0.95454545 0.95454545 0.95454545]	0.9545193762061236	83	58.0	0.0	0.012048192771084338	0.012048192771084338	0.0	0.012048192771084338	0.012048192771084338	0.0
/paula/2019/aves/data/scoring/acc_maf_ingroup/25/chr24/chr24_25_acc_3144644_3144669.maf	[0.95454545 0.95454545 0.95454545 0.95454545 0.95454545 0.95454545	 0.95454545 0.95454545 0.95454545 0.95454545 0.95454545 0.95454545	 0.95454545 0.95454545 0.95454545 0.95454545 0.95454545 0.95454545	 0.95454545 1.69117647 0.95454545 0.95454545 0.95454545 0.95454545	 0.95454545 0.95454545 0.95454545 0.95454545 0.95454545 0.95454545	 0.95454545 0.95454545 0.95454545 0.95454545 0.95454545 0.95454545	 0.95454545 0.95454545 0.95454545 0.95454545 0.95454545 0.95454545	 0.95454545 0.95454545 0.95454545 0.95454545 0.95454545 0.95454545	 0.95454545]	0.9695787405871441	49	24.0	1.0	0.0	0.02040816326530612	0.014430750587758886	0.0	0.02040816326530612	0.014430750587758886
/paula/2019/aves/data/scoring/acc_maf_ingroup/25/chr24/chr24_25_acc_5580890_5580915.maf	[0.95238095 0.95238095 0.95238095 0.95238095 0.95238095 0.95238095	 0.95238095 0.95238095 0.95238095 0.95238095 0.95238095 0.95238095	 0.95238095 0.95238095 0.95238095 0.95238095 0.95238095 0.95238095	 0.95238095 1.44444444 0.95238095 0.95238095 0.95238095 0.95238095	 0.95238095 0.95238095]	0.9713064713064713	26	1.0	0.0	0.0	0.0	0.0	0.0	0.0	0.0
/paula/2019/aves/data/scoring/acc_maf_ingroup/25/chr24/chr24_25_acc_3144594_3144619.maf	[0.95454545 0.95454545 0.95454545 0.95454545 0.95454545 0.95454545	 0.95454545 0.95454545 0.95454545 0.95454545 0.95454545 1.7375	 0.95454545 0.95454545 0.95454545 0.95454545 0.95454545 0.95454545	 0.95454545 0.95454545 0.95454545 0.95454545 0.95454545 0.95454545	 0.95454545]	0.9858636363636364	25	0.0	0.0	0.0	0.0	0.0	0.0	0.0	0.0
/paula/2019/aves/data/scoring/acc_maf_ingroup/25/chr24/chr24_25_acc_4518915_4518940.maf	[0.94736842 0.94736842 0.94736842 0.94736842 0.94736842 0.94736842	 0.94736842 0.94736842 0.94736842 0.94736842 0.94736842 0.94736842	 0.94736842 0.94736842 0.94736842 0.94736842 0.94736842 0.94736842	 1.4375     0.94736842 0.94736842 0.94736842 0.94736842 0.94736842	 0.94736842 0.94736842 0.94736842]	0.9655214424951266	27	2.0	0.0	0.0	0.0	0.0	0.0	0.0	0.0
/paula/2019/aves/data/scoring/acc_maf_ingroup/25/chr24/chr24_25_acc_3438905_3438930.maf	[0.95454545 0.95454545 0.95454545 0.95454545 1.7375     0.95454545	 0.95454545 0.95454545 0.95454545 0.95454545 0.95454545 0.95454545	 0.95454545 0.95454545 0.95454545 0.95454545 0.95454545 0.95454545	 0.95454545 0.95454545 0.95454545 0.95454545 0.95454545 0.95454545	 0.95454545 0.95454545]	0.9846590909090909	26	1.0	0.0	0.0	0.0	0.0	0.0	0.0	0.0
/paula/2019/aves/data/scoring/acc_maf_ingroup/25/chr24/chr24_25_acc_5006249_5006274.maf	[1.61111111 0.95454545 0.95454545 0.95454545 0.95454545 0.95454545	 0.95454545 0.95454545 0.95454545 0.95454545 0.95454545 0.95454545	 0.95454545 0.95454545 0.95454545 0.95454545 0.95454545 0.95454545	 0.95454545 0.95454545 0.95454545 0.95454545 0.95454545 0.95454545	 1.79807692]	1.0145493395493397	25	0.0	0.0	0.0	0.0	0.0	0.0	0.0	0.0
/paula/2019/aves/data/scoring/acc_maf_ingroup/25/chr24/chr24_25_acc_1471578_1471603.maf	[0.95454545 0.95454545 0.95454545 0.95454545 0.95454545 0.95454545	 0.95454545 0.95454545 0.95454545 0.95454545 0.95454545 0.95454545	 0.95454545 0.95454545 1.61111111 0.95454545 0.95454545 0.95454545	 0.95454545 0.95454545 0.95454545 0.95454545 0.95454545 0.95454545	 0.95454545 0.95454545 0.95454545 0.95454545 0.95       0.95	 0.95       0.95454545 0.95454545 0.95454545]	0.9734551396316102	34	9.0	0.0	0.0	0.0	0.0	0.0	0.0	0.0
/paula/2019/aves/data/scoring/acc_maf_ingroup/25/chr24/chr24_25_acc_5006224_5006249.maf	[0.95454545 0.95454545 0.95454545 0.95454545 0.95454545 0.95454545	 0.95454545 0.95454545 0.95454545 0.95454545 0.95454545 0.95454545	 0.95454545 0.95454545 0.95       0.95454545 0.95454545 0.95454545	 0.95454545 0.95454545 0.95454545 0.95454545 0.95454545 0.95454545	 0.95454545 0.95454545 0.95454545]	0.9543771043771043	27	2.0	0.0	0.0	0.0	0.0	0.0	0.0	0.0
/paula/2019/aves/data/scoring/acc_maf_ingroup/25/chr24/chr24_25_acc_5591921_5591946.maf	[0.95       0.95       0.95       0.95       0.95       0.95	 0.95       0.95       0.95       0.95       0.95       0.95	 1.78888889 0.95       0.95       0.95       0.95       0.95	 0.95       0.95       0.95       0.95       0.95       0.95	 0.95       0.95       0.95       0.95       0.95       0.95	 0.95       0.95       0.95      ]	0.9754208754208754	33	8.0	1.0	0.0	0.06060606060606061	0.042854958446156936	0.0	0.06060606060606061	0.042854958446156936
/paula/2019/aves/data/scoring/acc_maf_ingroup/25/chr24/chr24_25_acc_3622813_3622838.maf	[0.95238095 0.95238095 0.95238095 0.95238095 0.95238095 0.95238095	 0.95238095 0.95238095 0.95238095 0.95238095 0.95238095 0.95238095	 0.95238095 0.95238095 0.95238095 0.95238095 1.60784314 0.95238095	 0.95238095 0.95238095 0.95238095 0.95238095 0.95238095 0.95238095	 0.95238095]	0.9785994397759104	25	0.0	0.0	0.0	0.0	0.0	0.0	0.0	0.0
/paula/2019/aves/data/scoring/acc_maf_ingroup/25/chr24/chr24_25_acc_1837807_1837832.maf	[0.95454545 0.95454545 0.95454545 0.95454545 0.95454545 0.95454545	 0.95454545 0.95454545 0.95454545 0.95454545 0.95454545 0.95454545	 0.95454545 0.95454545 0.95454545 0.95454545 0.95454545 0.95454545	 0.95454545 0.95454545 0.95454545 0.95454545 0.95454545 1.76666667	 0.95454545]	0.9870303030303029	25	0.0	0.0	0.0	0.04	0.028284271099323854	0.0	0.04	0.028284271099323854
/paula/2019/aves/data/scoring/acc_maf_ingroup/25/chr24/chr24_25_acc_2058446_2058471.maf	[0.95454545 0.95454545 0.95454545 0.95454545 0.95454545 0.95454545	 0.95454545 0.95454545 0.95454545 0.95454545 0.95454545 1.69117647	 1.80555556 0.95454545 0.95454545 0.95454545 0.95454545 0.95454545	 0.95454545 0.95454545 0.95454545 0.95454545 0.95454545 0.95454545	 1.69117647]	1.047516339869281	25	0.0	2.0	0.0	0.12	0.08485281329797156	0.0	0.12	0.08485281329797156
/paula/2019/aves/data/scoring/acc_maf_ingroup/25/chr24/chr24_25_acc_5323641_5323666.maf	[0.94117647 0.94117647 0.94117647 0.94117647 0.94117647 0.94117647	 0.94117647 0.94117647 0.94117647 0.94117647 0.94117647 0.94117647	 0.94117647 0.94117647 0.94117647 0.94117647 0.94117647 0.94117647	 0.94117647 0.94117647 0.94117647 1.70909091 0.94117647 0.94117647	 0.94117647 0.94117647 0.94117647 0.94117647]	0.9686019862490449	28	3.0	0.0	0.0	0.0	0.0	0.0	0.0	0.0
/paula/2019/aves/data/scoring/acc_maf_ingroup/25/chr24/chr24_25_acc_1905072_1905097.maf	[0.95454545 0.95454545 0.95454545 0.95454545 0.95454545 0.95454545	 0.95454545 0.95454545 0.95454545 0.95454545 0.95454545 0.95454545	 0.95454545 0.95454545 0.95454545 0.95454545 0.95454545 0.95454545	 0.95454545 0.95454545 0.95454545 0.95454545 0.95238095 0.95454545	 1.80555556 0.95454545]	0.9871933621933623	26	1.0	0.0	0.038461538461538464	0.07692307692307693	0.027196416139613294	0.038461538461538464	0.07692307692307693	0.027196416139613294
/paula/2019/aves/data/scoring/acc_maf_ingroup/25/chr24/chr24_25_acc_3390276_3390301.maf	[0.95238095 0.95238095 0.95238095 1.44444444 0.95238095 0.95238095	 0.95238095 0.95238095 0.95238095 0.95238095 0.95238095 0.95238095	 0.95238095 0.95238095 0.95238095 0.95238095 0.95238095 0.95238095	 0.95238095 0.95238095 0.95238095 0.95238095 0.95238095 0.95238095	 0.95238095]	0.9720634920634921	25	0.0	0.0	0.0	0.0	0.0	0.0	0.0	0.0
/paula/2019/aves/data/scoring/acc_maf_ingroup/25/chr24/chr24_25_acc_176280_176305.maf	[0.95454545 0.95238095 0.95454545 0.95454545 0.95454545 0.95454545	 0.95454545 0.95454545 0.95454545 0.95454545 0.95454545 0.95454545	 0.95454545 0.95454545 0.95454545 0.95454545 0.95454545 0.95454545	 0.95454545 0.95454545 0.95454545 0.95454545 0.95454545 0.95454545	 0.95454545]	0.9544588744588745	25	0.0	0.0	0.04	0.04	0.0	0.04	0.04	0.0
/paula/2019/aves/data/scoring/acc_maf_ingroup/25/chr24/chr24_25_acc_4499490_4499515.maf	[0.95238095 0.95238095 0.95238095 0.95238095 0.95238095 0.95238095	 0.95238095 0.95238095 0.95238095 0.95238095 0.95238095 0.95238095	 0.95238095 0.95238095 0.95238095 0.95238095 0.95238095 0.95238095	 0.95238095 0.95238095 0.95238095 0.95238095 0.95238095 0.95238095	 0.95238095 0.95238095 0.95238095 0.95238095 0.95238095 0.95238095	 0.95238095 0.95238095 0.95238095 0.95238095 0.95238095 0.95238095	 0.95238095 0.95238095 0.95238095 0.95238095 0.95       0.95238095	 0.95238095 0.95238095 0.95238095]	0.9523280423280421	45	20.0	1.0	0.022222222222222223	0.06666666666666667	0.03142697198574796	0.022222222222222223	0.06666666666666667	0.03142697198574796
/paula/2019/aves/data/scoring/acc_maf_ingroup/25/chr24/chr24_25_acc_1974464_1974489.maf	[0.95238095 0.95238095 0.95238095 0.95238095 0.95238095 0.95238095	 0.95238095 0.95238095 0.95238095 0.95238095 0.95238095 0.95238095	 0.95238095 0.95238095 0.95238095 2.17857143 0.95238095 0.95238095	 0.95238095 0.95238095 0.95238095 0.95238095 0.95238095 0.95238095	 0.95238095 0.95238095]	0.9995421245421245	26	1.0	0.0	0.0	0.0	0.0	0.0	0.0	0.0
/paula/2019/aves/data/scoring/acc_maf_ingroup/25/chr24/chr24_25_acc_2255784_2255809.maf	[0.95454545 0.95454545 0.95454545 0.95454545 0.95454545 0.95454545	 0.95454545 0.95454545 0.95454545 0.95454545 0.95454545 0.95454545	 0.95454545 0.95454545 0.95454545 0.95454545 0.95454545 0.95454545	 0.95454545 0.95454545 0.95454545 1.44736842 0.95454545 0.95454545	 0.95454545]	0.9742583732057416	25	0.0	0.0	0.0	0.16	0.11313708439729542	0.0	0.16	0.11313708439729542
/paula/2019/aves/data/scoring/acc_maf_ingroup/25/chr24/chr24_25_acc_728144_728169.maf	[0.95454545 0.95454545 0.95454545 0.95       0.95454545 0.95454545	 0.95454545 0.95454545 0.95454545 0.95454545 0.95454545 0.95454545	 0.95454545 0.95454545 0.95454545 0.95454545 0.95454545 0.95454545	 0.95454545 0.95454545 0.95454545 0.95454545 0.95454545 0.95454545	 0.95454545]	0.9543636363636364	25	0.0	0.0	0.0	0.0	0.0	0.0	0.0	0.0
/paula/2019/aves/data/scoring/acc_maf_ingroup/25/chr24/chr24_25_acc_2002914_2002939.maf	[0.95454545 0.95454545 0.95454545 0.95454545 0.95454545 0.95454545	 0.95454545 0.95454545 0.95454545 0.95454545 0.95454545 0.95454545	 0.95454545 0.95454545 0.95454545 0.95454545 0.95454545 0.95454545	 0.95454545 0.95454545 0.95454545 0.95454545 0.95454545 1.80555556	 0.95454545]	0.9885858585858586	25	0.0	0.0	0.0	0.04	0.028284271099323854	0.0	0.04	0.028284271099323854
/paula/2019/aves/data/scoring/acc_maf_ingroup/25/chr24/chr24_25_acc_4581337_4581362.maf	[0.94736842 0.94736842 0.94736842 0.94736842 0.94736842 0.94736842	 0.94736842 0.94736842 0.94736842 0.94736842 0.94736842 0.94736842	 0.94736842 0.94736842 0.94736842 0.94736842 0.94736842 0.94736842	 0.94736842 0.94736842 0.94736842 0.94736842 0.94736842 0.94736842	 0.94736842 0.94736842 0.94736842 0.94736842 0.94736842 0.94736842	 0.94736842 0.94736842 0.94736842 0.9375    ]	0.9470781733746128	34	9.0	0.0	0.029411764705882353	0.029411764705882353	0.0	0.029411764705882353	0.029411764705882353	0.0
